
lowlevel:
    average_loudness: 0.192783027887
    barkbands_crest:
        dmean: 3.10389471054
        dmean2: 5.22531318665
        dvar: 6.66326808929
        dvar2: 17.9308986664
        max: 20.1249332428
        mean: 10.2097816467
        median: 9.90087985992
        min: 2.48404765129
        stdev: 4.0161690712
        var: 16.1296157837
    barkbands_flatness_db:
        dmean: 0.021885054186
        dmean2: 0.0363849923015
        dvar: 0.000340989790857
        dvar2: 0.00090586807346
        max: 0.302645504475
        mean: 0.105942174792
        median: 0.104993276298
        min: 0.0365352779627
        stdev: 0.0287024304271
        var: 0.000823829497676
    barkbands_kurtosis:
        dmean: 2.48564076424
        dmean2: 4.1310801506
        dvar: 9.69290733337
        dvar2: 20.9884128571
        max: 50.1523933411
        mean: 2.70929121971
        median: 2.01733207703
        min: -1.67174315453
        stdev: 3.96399736404
        var: 15.7132749557
    barkbands_skewness:
        dmean: 0.591639399529
        dmean2: 0.97752392292
        dvar: 0.240866169333
        dvar2: 0.686453938484
        max: 5.4485783577
        mean: 1.71424162388
        median: 1.71783232689
        min: -1.31080329418
        stdev: 0.773276209831
        var: 0.597956061363
    barkbands_spread:
        dmean: 6.64994716644
        dmean2: 11.063082695
        dvar: 25.2109127045
        dvar2: 65.2313461304
        max: 65.4090881348
        mean: 26.5539608002
        median: 25.5511264801
        min: 1.8956618309
        stdev: 9.00636577606
        var: 81.114616394
    dissonance:
        dmean: 0.0129142375663
        dmean2: 0.0223901383579
        dvar: 0.000185366094229
        dvar2: 0.000415332673583
        max: 0.498552709818
        mean: 0.480668574572
        median: 0.482902258635
        min: 0.312618941069
        stdev: 0.0149366604164
        var: 0.000223103837925
    dynamic_complexity: 1.94425928593
    erbbands_crest:
        dmean: 0.717634022236
        dmean2: 1.23934781551
        dvar: 0.379524409771
        dvar2: 1.00494253635
        max: 8.0584564209
        mean: 2.99297356606
        median: 2.8307993412
        min: 1.87195730209
        stdev: 0.800919473171
        var: 0.641472041607
    erbbands_flatness_db:
        dmean: 0.0079715680331
        dmean2: 0.013034529984
        dvar: 7.19438321539e-05
        dvar2: 0.000190266655409
        max: 0.140858650208
        mean: 0.0590188764036
        median: 0.0575172565877
        min: 0.0387970134616
        stdev: 0.0106288008392
        var: 0.000112971407361
    erbbands_kurtosis:
        dmean: 0.397587239742
        dmean2: 0.65170019865
        dvar: 0.128353491426
        dvar2: 0.307959228754
        max: 3.33387422562
        mean: -0.594765543938
        median: -0.661979913712
        min: -1.51338362694
        stdev: 0.493693470955
        var: 0.243733242154
    erbbands_skewness:
        dmean: 0.222726970911
        dmean2: 0.374841302633
        dvar: 0.0344442352653
        dvar2: 0.0911684259772
        max: 0.589174807072
        mean: -0.303392112255
        median: -0.282605350018
        min: -1.31723928452
        stdev: 0.285659700632
        var: 0.0816014707088
    erbbands_spread:
        dmean: 2.29233360291
        dmean2: 3.88595080376
        dvar: 3.78481245041
        dvar2: 10.5563278198
        max: 23.1506824493
        mean: 13.9904689789
        median: 13.9050045013
        min: 5.08392572403
        stdev: 2.49460315704
        var: 6.22304487228
    hfc:
        dmean: 0.0252785552293
        dmean2: 0.0402001850307
        dvar: 0.00872759707272
        dvar2: 0.0224928092211
        max: 1.05265808105
        mean: 0.0728408917785
        median: 0.0486742630601
        min: 0.000175585213583
        stdev: 0.0912917032838
        var: 0.00833417475224
    loudness_ebu128:
        integrated: -45.1211585999
        loudness_range: 3.80992889404
        momentary:
            dmean: 0.469641238451
            dmean2: 0.477007031441
            dvar: 0.164612263441
            dvar2: 0.194150283933
            max: -41.3156738281
            mean: -45.5961303711
            median: -46.5098571777
            min: -48.8879394531
            stdev: 1.96528112888
            var: 3.86232995987
        short_term:
            dmean: 0.0901792943478
            dmean2: 0.0668513998389
            dvar: 0.00485986797139
            dvar2: 0.00370973045938
            max: -43.2334442139
            mean: -45.6686706543
            median: -46.0654067993
            min: -47.3389663696
            stdev: 1.3355358839
            var: 1.78365623951
    melbands_crest:
        dmean: 4.12858867645
        dmean2: 6.81732130051
        dvar: 10.7769060135
        dvar2: 32.2065391541
        max: 28.097743988
        mean: 16.2225189209
        median: 16.0613288879
        min: 3.21884179115
        stdev: 4.72921848297
        var: 22.3655071259
    melbands_flatness_db:
        dmean: 0.0306362975389
        dmean2: 0.0498614087701
        dvar: 0.000580826716032
        dvar2: 0.00157291325741
        max: 0.418802529573
        mean: 0.195012018085
        median: 0.197824031115
        min: 0.0440229177475
        stdev: 0.0417526401579
        var: 0.00174328288995
    melbands_kurtosis:
        dmean: 7.80170154572
        dmean2: 13.2662248611
        dvar: 64.1347732544
        dvar2: 180.488739014
        max: 81.1524505615
        mean: 14.1679105759
        median: 11.8766555786
        min: -0.813273429871
        stdev: 10.0378389359
        var: 100.758201599
    melbands_skewness:
        dmean: 0.901257097721
        dmean2: 1.51843655109
        dvar: 0.573465108871
        dvar2: 1.65640354156
        max: 6.99056720734
        mean: 3.34477949142
        median: 3.27911496162
        min: -0.357445180416
        stdev: 1.09491419792
        var: 1.19883716106
    melbands_spread:
        dmean: 8.38252925873
        dmean2: 13.9043083191
        dvar: 62.7116966248
        dvar2: 135.179290771
        max: 87.4973831177
        mean: 22.741985321
        median: 19.4325237274
        min: 1.57588434219
        stdev: 12.9681043625
        var: 168.171722412
    pitch:
        dmean: 107.523872375
        dmean2: 204.129058838
        dvar: 167271.46875
        dvar2: 479504.4375
        max: 3819.48803711
        mean: 200.607009888
        median: 134.535720825
        min: 77.701133728
        stdev: 376.536773682
        var: 141779.9375
    pitch_instantaneous_confidence:
        dmean: 0.0560005754232
        dmean2: 0.0962258726358
        dvar: 0.00200006458908
        dvar2: 0.0053115459159
        max: 0.481459259987
        mean: 0.214495331049
        median: 0.204376637936
        min: 0.0849735736847
        stdev: 0.0608395822346
        var: 0.00370145495981
    pitch_salience:
        dmean: 0.105080142617
        dmean2: 0.177308514714
        dvar: 0.00732835289091
        dvar2: 0.0216004345566
        max: 0.804806351662
        mean: 0.59892553091
        median: 0.619114041328
        min: 0.262922286987
        stdev: 0.117107465863
        var: 0.0137141579762
    silence_rate_20dB:
        dmean: 0
        dmean2: 0
        dvar: 0
        dvar2: 0
        max: 1
        mean: 1
        median: 1
        min: 1
        stdev: 0
        var: 0
    silence_rate_30dB:
        dmean: 0
        dmean2: 0
        dvar: 0
        dvar2: 0
        max: 1
        mean: 1
        median: 1
        min: 1
        stdev: 0
        var: 0
    silence_rate_60dB:
        dmean: 0
        dmean2: 0
        dvar: 0
        dvar2: 0
        max: 1
        mean: 1
        median: 1
        min: 1
        stdev: 0
        var: 0
    sound_start_frame: 0
    sound_stop_frame: 342
    spectral_centroid:
        dmean: 218.073074341
        dmean2: 355.541320801
        dvar: 50555.5078125
        dvar2: 118542.921875
        max: 3193.63500977
        mean: 695.678588867
        median: 605.636291504
        min: 64.8603591919
        stdev: 352.57333374
        var: 124307.945312
    spectral_complexity:
        dmean: 0.263157904148
        dmean2: 0.527859210968
        dvar: 0.23484133184
        dvar2: 0.618726849556
        max: 3
        mean: 0.361516028643
        median: 0
        min: 0
        stdev: 0.504128277302
        var: 0.25414532423
    spectral_crest:
        dmean: 3.10389471054
        dmean2: 5.22531318665
        dvar: 6.66326808929
        dvar2: 17.9308986664
        max: 20.1249332428
        mean: 10.2097816467
        median: 9.90087985992
        min: 2.48404765129
        stdev: 4.0161690712
        var: 16.1296157837
    spectral_decrease:
        dmean: 1.0685539259e-11
        dmean2: 1.81069725186e-11
        dvar: 2.08867812592e-22
        dvar2: 6.04098018699e-22
        max: -7.13048489611e-13
        mean: -2.71215012254e-11
        median: -2.04768962203e-11
        min: -1.71454031528e-10
        stdev: 2.13727559956e-11
        var: 4.56794690821e-22
    spectral_energy:
        dmean: 4.2074592784e-05
        dmean2: 7.12405744707e-05
        dvar: 3.59907259551e-09
        dvar2: 1.02394004386e-08
        max: 0.000722583092283
        mean: 0.000108969703433
        median: 8.19973647594e-05
        min: 2.70712985184e-06
        stdev: 8.59193969518e-05
        var: 7.38214245288e-09
    spectral_energyband_high:
        dmean: 2.05884589377e-06
        dmean2: 3.27463862959e-06
        dvar: 6.6382281616e-11
        dvar2: 1.67198740963e-10
        max: 9.84184298432e-05
        mean: 4.07387733503e-06
        median: 2.20015795094e-06
        min: 1.36340116974e-09
        stdev: 7.75514308771e-06
        var: 6.01422453506e-11
    spectral_energyband_low:
        dmean: 3.34871183441e-05
        dmean2: 5.72087592445e-05
        dvar: 1.41453782021e-09
        dvar2: 4.22496126973e-09
        max: 0.000442907243269
        mean: 6.17597615928e-05
        median: 4.03025842388e-05
        min: 2.06822437576e-06
        stdev: 6.18204576313e-05
        var: 3.8217686793e-09
    spectral_energyband_middle_high:
        dmean: 6.48264176561e-06
        dmean2: 1.05832295958e-05
        dvar: 5.41146405464e-10
        dvar2: 1.45834644361e-09
        max: 0.000273354380624
        mean: 1.79618255061e-05
        median: 1.23195104607e-05
        min: 2.19634053167e-08
        stdev: 2.17327415157e-05
        var: 4.72312078337e-10
    spectral_energyband_middle_low:
        dmean: 1.45767589856e-05
        dmean2: 2.51331493928e-05
        dvar: 6.8816335963e-10
        dvar2: 1.98499394699e-09
        max: 0.000371219357476
        mean: 3.16571386065e-05
        median: 2.62123812718e-05
        min: 1.36144251428e-07
        stdev: 2.64724458248e-05
        var: 7.00790370178e-10
    spectral_entropy:
        dmean: 0.17508803308
        dmean2: 0.282765954733
        dvar: 0.0237690322101
        dvar2: 0.0513112358749
        max: 8.91323852539
        mean: 8.00539398193
        median: 8.00468063354
        min: 5.87809276581
        stdev: 0.262615293264
        var: 0.0689667910337
    spectral_flatness_db:
        dmean: 0.021885054186
        dmean2: 0.0363849923015
        dvar: 0.000340989790857
        dvar2: 0.00090586807346
        max: 0.302645504475
        mean: 0.105942174792
        median: 0.104993276298
        min: 0.0365352779627
        stdev: 0.0287024304271
        var: 0.000823829497676
    spectral_flux:
        dmean: 0.00127527408767
        dmean2: 0.00206170743331
        dvar: 2.38245274886e-06
        dvar2: 4.98973304275e-06
        max: 0.0216202829033
        mean: 0.00572417164221
        median: 0.00536544201896
        min: 0.00164533581119
        stdev: 0.00216296827421
        var: 4.67843165097e-06
    spectral_kurtosis:
        dmean: 0.997293770313
        dmean2: 1.53434634209
        dvar: 0.801964759827
        dvar2: 1.50839531422
        max: 14.0990772247
        mean: 7.10744762421
        median: 7.03642559052
        min: 0.975253343582
        stdev: 1.78876471519
        var: 3.19967937469
    spectral_rms:
        dmean: 6.02142426942e-05
        dmean2: 0.000100532364741
        dvar: 3.61880458932e-09
        dvar2: 9.96476945403e-09
        max: 0.000839618442114
        mean: 0.000307142938254
        median: 0.000282838154817
        min: 5.13916565978e-05
        stdev: 0.000109430926386
        var: 1.19751284444e-08
    spectral_rolloff:
        dmean: 623.455505371
        dmean2: 1027.78417969
        dvar: 275372.65625
        dvar2: 683056.1875
        max: 5275.63476562
        mean: 1310.82666016
        median: 1119.7265625
        min: 86.1328125
        stdev: 912.889221191
        var: 833366.75
    spectral_skewness:
        dmean: 0.152347132564
        dmean2: 0.237893134356
        dvar: 0.0182662494481
        dvar2: 0.0326964333653
        max: 3.69030952454
        mean: 2.5795788765
        median: 2.60563993454
        min: 1.42357802391
        stdev: 0.250197887421
        var: 0.0625989809632
    spectral_spread:
        dmean: 1655945.875
        dmean2: 2463308.75
        dvar: 2.67953609114e+12
        dvar2: 5.60125968384e+12
        max: 32571500
        mean: 17301656
        median: 17300046
        min: 8718001
        stdev: 3339091.5
        var: 1.11495327252e+13
    spectral_strongpeak:
        dmean: 0.0123126497492
        dmean2: 0.0201890487224
        dvar: 0.000179063092219
        dvar2: 0.000507446704432
        max: 0.10983940959
        mean: 0.0262196343392
        median: 0.0203452035785
        min: 0
        stdev: 0.0187789537013
        var: 0.00035264910548
    zerocrossingrate:
        dmean: 0.00882475543767
        dmean2: 0.0108681954443
        dvar: 5.88553702983e-05
        dvar2: 7.75114240241e-05
        max: 0.134765625
        mean: 0.0561480745673
        median: 0.052734375
        min: 0.0087890625
        stdev: 0.0189202912152
        var: 0.000357977405656
    barkbands:
        dmean: [7.55097289584e-07, 8.89137572813e-06, 2.45847186306e-05, 7.52319328967e-06, 6.99169777363e-06, 2.51789174399e-06, 2.30371847465e-06, 1.44226362409e-06, 2.056639687e-06, 1.55624820763e-06, 1.16862747745e-06, 1.23759195958e-06, 1.04051537164e-06, 1.16479873213e-06, 9.61569639912e-07, 9.32587568059e-07, 8.52724610922e-07, 9.6239443792e-07, 8.85294355157e-07, 8.18878561404e-07, 8.24354515316e-07, 6.30723434369e-07, 3.57977626209e-07, 2.56300634049e-08, 1.03154640385e-08, 1.17381491194e-08, 3.37537215955e-08]
        dmean2: [1.25772976389e-06, 1.56249625434e-05, 4.20609285356e-05, 1.30843409352e-05, 1.18876168926e-05, 4.35198762716e-06, 4.13025190937e-06, 2.58068280345e-06, 3.76523621526e-06, 2.75514457826e-06, 2.09753693525e-06, 2.15944896809e-06, 1.77502863608e-06, 2.01776788344e-06, 1.57228248554e-06, 1.61806292454e-06, 1.38760469781e-06, 1.65351730175e-06, 1.44497323618e-06, 1.26121517496e-06, 1.36783728522e-06, 1.03575791854e-06, 6.24596566468e-07, 4.31398987644e-08, 1.80542194528e-08, 1.76020336085e-08, 4.64370302211e-08]
        dvar: [1.05522611048e-12, 9.13624453869e-11, 9.18800979743e-10, 6.25183238512e-11, 5.76525806262e-11, 1.31344032872e-11, 9.24067142249e-11, 2.29948959179e-11, 9.30088922546e-11, 5.69908426007e-11, 9.17774016507e-12, 4.58500988912e-12, 2.74543603997e-12, 5.54657535179e-12, 4.42116872626e-12, 9.50553958462e-12, 2.76562019813e-12, 9.78729684104e-12, 7.33272297049e-12, 7.30408962479e-12, 1.13207793834e-11, 3.60022124959e-12, 2.36665613322e-12, 1.92631758526e-14, 2.46283871491e-15, 3.42987823134e-15, 1.52100080035e-14]
        dvar2: [2.47797767548e-12, 2.61262761425e-10, 2.66486055445e-09, 1.79758222196e-10, 1.46626072395e-10, 3.57866965228e-11, 2.70983180339e-10, 6.70830613281e-11, 2.72317224326e-10, 1.67261302031e-10, 2.62110905896e-11, 1.23677595942e-11, 7.59526469496e-12, 1.27454565998e-11, 9.39729891125e-12, 2.62753811764e-11, 7.2731824903e-12, 2.63795495864e-11, 1.90433988023e-11, 1.58371683823e-11, 3.06543436468e-11, 9.33038542261e-12, 6.24554618092e-12, 5.00989224064e-14, 6.35291608748e-15, 7.30094034952e-15, 2.61828421086e-14]
        max: [9.70749806584e-06, 6.26776745776e-05, 0.000360915670171, 6.79912045598e-05, 6.28896523267e-05, 3.06952606479e-05, 0.00012934707047, 6.23087180429e-05, 0.000130414322484, 0.000101473160612, 3.4807024349e-05, 2.6316189178e-05, 1.57479735208e-05, 2.16197531699e-05, 2.86523318209e-05, 4.04369784519e-05, 1.56341557158e-05, 3.50829577656e-05, 3.51641319867e-05, 2.94271358143e-05, 4.09098356613e-05, 2.40801400651e-05, 1.76973644557e-05, 1.58700765951e-06, 4.60628456267e-07, 9.53600590492e-07, 2.41518341682e-06]
        mean: [8.54992322274e-07, 1.1634178918e-05, 4.31528460467e-05, 9.95532900561e-06, 1.05445860754e-05, 3.47032505488e-06, 2.67853829428e-06, 1.75710192707e-06, 2.62354933511e-06, 2.04023513106e-06, 1.65897483839e-06, 2.04728075914e-06, 1.79709206805e-06, 1.83151053079e-06, 1.63414495091e-06, 1.59035050729e-06, 1.59501314556e-06, 1.61308480529e-06, 1.72989098246e-06, 1.41527857522e-06, 1.40834777085e-06, 1.37069412176e-06, 4.13227098761e-07, 2.43779307851e-08, 1.11646016876e-08, 2.30674750412e-08, 8.61664943841e-08]
        median: [3.66923842421e-07, 8.63142849994e-06, 2.3787635655e-05, 7.10189397068e-06, 7.89191108197e-06, 2.36391906583e-06, 1.5817036001e-06, 1.10613677862e-06, 1.74362082817e-06, 1.27038890696e-06, 1.14070473956e-06, 1.27144528506e-06, 1.17862646221e-06, 1.14732642942e-06, 1.16811327189e-06, 1.1580498267e-06, 1.10494147521e-06, 1.00454928997e-06, 9.41414441513e-07, 8.06067248504e-07, 7.79718902777e-07, 7.55554935949e-07, 1.34148095299e-07, 5.65388358353e-09, 3.87408460867e-09, 1.38278366535e-08, 6.18999536073e-08]
        min: [1.40972733487e-09, 1.25686568708e-07, 2.0406122303e-07, 6.71749162962e-08, 4.60601512486e-08, 1.37954581092e-08, 3.22230531147e-09, 2.42346120949e-09, 2.54112864084e-09, 3.52265439041e-09, 7.97785215667e-09, 9.06162966885e-09, 3.51649820374e-10, 1.23170418309e-10, 2.94207602725e-10, 2.00838762288e-10, 2.35039571139e-10, 1.39222480766e-10, 1.6834884875e-10, 1.81600318117e-10, 3.68445135512e-10, 4.7656950608e-10, 1.18882917399e-10, 1.19606394233e-10, 5.38120624449e-11, 4.6986966401e-11, 1.03514925798e-10]
        stdev: [1.29237014335e-06, 1.02033409348e-05, 5.30143588549e-05, 9.76037063083e-06, 9.1466736194e-06, 3.74540877601e-06, 7.29853218218e-06, 3.71633200302e-06, 7.23958783055e-06, 5.68501991438e-06, 2.46767990575e-06, 2.4524492801e-06, 1.87922637451e-06, 2.57905935541e-06, 2.31731360145e-06, 2.59636044575e-06, 1.85837097888e-06, 2.73728801403e-06, 2.7352593861e-06, 2.84755105895e-06, 2.92038021144e-06, 1.95552138393e-06, 1.33230025767e-06, 1.22246007095e-07, 4.46868355652e-08, 6.71616575687e-08, 1.59572550729e-07]
        var: [1.67022060245e-12, 1.04108173471e-10, 2.81052225937e-09, 9.52648376851e-11, 8.36616401156e-11, 1.40280877192e-11, 5.32685701105e-11, 1.38111241194e-11, 5.24116305911e-11, 3.23194526697e-11, 6.08944448685e-12, 6.01450746845e-12, 3.53149193916e-12, 6.65154736845e-12, 5.36994190434e-12, 6.74108772275e-12, 3.45354257344e-12, 7.49274600698e-12, 7.48164377673e-12, 8.1085468201e-12, 8.52862051814e-12, 3.82406346172e-12, 1.77502392125e-12, 1.49440870919e-14, 1.9969134192e-15, 4.51068803687e-15, 2.54633994283e-14]
    erbbands:
        dmean: [2.6489064112e-05, 0.00675993505865, 0.025596993044, 0.0248118136078, 0.0205925460905, 0.0384846888483, 0.0404883213341, 0.0479224808514, 0.0519836656749, 0.0446783713996, 0.0494999960065, 0.0498149394989, 0.0586424916983, 0.0415245741606, 0.037372328341, 0.0336781404912, 0.0208516214043, 0.00112613372039]
        dmean2: [4.39694667875e-05, 0.0118708061054, 0.043513070792, 0.0434459969401, 0.0358902513981, 0.070591583848, 0.0736072063446, 0.085338845849, 0.092515103519, 0.0747471898794, 0.0818048939109, 0.0858160257339, 0.100585401058, 0.0676199421287, 0.0578012615442, 0.0568405501544, 0.0348144434392, 0.00181937112939]
        dvar: [8.64699922776e-10, 4.97925284435e-05, 0.00087522045942, 0.000820423942059, 0.00104671483859, 0.0314191617072, 0.021884156391, 0.0561469048262, 0.0104989353567, 0.00539531745017, 0.0161614827812, 0.0309793967754, 0.0374469161034, 0.0160810276866, 0.0169640686363, 0.0244212709367, 0.00731308152899, 2.93134507956e-05]
        dvar2: [2.27651120177e-09, 0.000152590480866, 0.00248034042306, 0.00220531900413, 0.00290510756895, 0.0930775031447, 0.063246101141, 0.165070980787, 0.0285501573235, 0.01476951316, 0.0311062075198, 0.0864595994353, 0.104473941028, 0.0416619256139, 0.0377417728305, 0.0689202621579, 0.020201517269, 7.30407919036e-05]
        max: [0.000205292803003, 0.0505815520883, 0.346578061581, 0.159895405173, 0.326361775398, 2.34680461884, 1.93910694122, 3.17033433914, 1.22546851635, 0.765471994877, 1.70242190361, 2.34728431702, 2.03471755981, 1.65971159935, 1.52152919769, 2.05195426941, 1.04245007038, 0.0633905604482]
        mean: [4.10111824749e-05, 0.00955418311059, 0.0418730415404, 0.0337027125061, 0.0279896967113, 0.0432716719806, 0.0516099222004, 0.0641224831343, 0.0792638137937, 0.0836610049009, 0.0915677174926, 0.0880554765463, 0.0941508188844, 0.0859785079956, 0.0629578232765, 0.0571936666965, 0.0297641344368, 0.00128089881036]
        median: [3.10863797495e-05, 0.00688671227545, 0.0279994923621, 0.0235224366188, 0.0177781432867, 0.0244933590293, 0.0318423956633, 0.039020806551, 0.0478647574782, 0.0566651150584, 0.0586193241179, 0.066558226943, 0.0598010420799, 0.0486184805632, 0.0350779369473, 0.0304529573768, 0.0128895044327, 0.000322200299706]
        min: [9.50636035668e-07, 0.000187086727237, 0.000226822739933, 0.000104027538328, 0.000100032921182, 5.10480676894e-05, 3.8644309825e-05, 0.000124539961689, 0.000577685423195, 2.03245435841e-05, 1.47675091284e-05, 1.21774592117e-05, 7.78123012424e-06, 7.05293768988e-06, 1.11001163532e-05, 1.80915812962e-05, 7.10692029315e-06, 2.64446680376e-06]
        stdev: [3.71338901459e-05, 0.00852029863745, 0.042129624635, 0.0321198366582, 0.0323583371937, 0.131879329681, 0.114592909813, 0.177660048008, 0.103476576507, 0.086455129087, 0.145040124655, 0.14581553638, 0.16476161778, 0.127674549818, 0.133451834321, 0.127706184983, 0.0728074982762, 0.00500483810902]
        var: [1.37892575136e-09, 7.25954887457e-05, 0.00177490536589, 0.00103168387432, 0.00104706198908, 0.0173921566457, 0.0131315346807, 0.0315630920231, 0.0107074016705, 0.00747448997572, 0.0210366360843, 0.0212621688843, 0.0271463915706, 0.0163007900119, 0.0178093928844, 0.0163088701665, 0.00530093209818, 2.50484063145e-05]
    gfcc:
        mean: [-149.549942017, -17.498916626, -45.5019111633, -1.52813732624, -30.6332817078, -6.79054355621, -27.8112850189, -8.00700569153, -21.9489688873, -4.39293289185, -15.5038948059, -1.64633917809, -9.11268615723]
        cov: [[712.493591309, -131.987182617, -25.1003055573, -44.5487747192, -30.199546814, -25.2028446198, -6.7361073494, 3.99406218529, -12.1837406158, -28.1389312744, -28.35638237, 7.55788898468, -19.2235507965], [-131.987182617, 134.235992432, 14.9637746811, 20.8533916473, 11.7621793747, 15.60206604, -5.16491365433, -3.21349787712, -5.97778701782, 0.839570581913, -4.81905317307, -4.42071056366, 3.32110309601], [-25.1003055573, 14.9637746811, 49.3815727234, 17.8668365479, 15.3762702942, 1.74806523323, 5.15878677368, -5.41944932938, 2.20604658127, 0.484692752361, 0.0436621420085, -2.53733539581, -2.47824501991], [-44.5487747192, 20.8533916473, 17.8668365479, 56.4092407227, 20.0225162506, 14.3054552078, 4.70406675339, -0.105026602745, -4.35037708282, -2.31809854507, -1.08345246315, -2.66296195984, -3.74100327492], [-30.199546814, 11.7621793747, 15.3762702942, 20.0225162506, 41.3948440552, 16.5185909271, 2.76603579521, 0.531689584255, 0.380171924829, -1.17812418938, -1.68997347355, -5.10498142242, -2.87737774849], [-25.2028446198, 15.60206604, 1.74806523323, 14.3054552078, 16.5185909271, 29.5242176056, 12.4523172379, 1.78895235062, -1.43369114399, -1.86104130745, -2.38964223862, -3.58499026299, -1.99001097679], [-6.7361073494, -5.16491365433, 5.15878677368, 4.70406675339, 2.76603579521, 12.4523172379, 30.0081615448, 10.3251895905, 2.15377306938, -0.46951186657, 0.313324034214, -2.812302351, -1.6809233427], [3.99406218529, -3.21349787712, -5.41944932938, -0.105026602745, 0.531689584255, 1.78895235062, 10.3251895905, 27.3183288574, 8.17141628265, -0.439636975527, -2.43130469322, -0.32804325223, -1.84709727764], [-12.1837406158, -5.97778701782, 2.20604658127, -4.35037708282, 0.380171924829, -1.43369114399, 2.15377306938, 8.17141628265, 23.9989814758, 9.04765415192, -0.795878529549, 0.520162940025, 0.218520358205], [-28.1389312744, 0.839570581913, 0.484692752361, -2.31809854507, -1.17812418938, -1.86104130745, -0.46951186657, -0.439636975527, 9.04765415192, 22.2159347534, 9.73404693604, 1.74430656433, 1.30089938641], [-28.35638237, -4.81905317307, 0.0436621420085, -1.08345246315, -1.68997347355, -2.38964223862, 0.313324034214, -2.43130469322, -0.795878529549, 9.73404693604, 25.8406257629, 9.58184909821, 3.22547268867], [7.55788898468, -4.42071056366, -2.53733539581, -2.66296195984, -5.10498142242, -3.58499026299, -2.812302351, -0.32804325223, 0.520162940025, 1.74430656433, 9.58184909821, 21.8756866455, 8.61691951752], [-19.2235507965, 3.32110309601, -2.47824501991, -3.74100327492, -2.87737774849, -1.99001097679, -1.6809233427, -1.84709727764, 0.218520358205, 1.30089938641, 3.22547268867, 8.61691951752, 17.460062027]]
        icov: [[0.00215193349868, 0.00195256667212, -0.000237668427872, 0.00110364425927, 0.000524740375113, 5.63547037018e-05, 0.000516861851793, -0.000393894442823, 0.00173889414873, 0.000747149577364, 0.00317547027953, -0.00271443114616, 0.00297718425281], [0.00195256667212, 0.0111377416179, -0.00395257584751, -0.000633121351711, 0.00248628575355, -0.00723007693887, 0.00639012316242, -0.00297856796533, 0.00501263001934, -0.00228141970001, 0.00459231808782, -0.000169979015482, -0.00143686763477], [-0.000237668427872, -0.00395257584751, 0.030320642516, -0.00710642198101, -0.0118557661772, 0.0149357225746, -0.0135335410014, 0.0125752026215, -0.00813912041485, 0.00249634846114, -0.000633041374385, -0.0010881194612, 0.00361691648141], [0.00110364425927, -0.000633121351711, -0.00710642198101, 0.0256563127041, -0.00592110026628, -0.00751990778372, 0.00149387691636, -0.00293602980673, 0.0063310964033, -6.91733584972e-05, 0.00171969551593, -0.00363309541717, 0.00522560067475], [0.000524740375113, 0.00248628575355, -0.0118557661772, -0.00592110026628, 0.0408239923418, -0.024548497051, 0.0126970652491, -0.00601867912337, -0.00110145658255, 0.00154714332893, -0.00247442559339, 0.00677794218063, -0.00132061296608], [5.63547037018e-05, -0.00723007693887, 0.0149357225746, -0.00751990778372, -0.024548497051, 0.0674429312348, -0.032229077071, 0.0114778624848, -0.00166146655101, 0.00191676488612, 0.00427269982174, -0.00297138816677, 0.00425386894494], [0.000516861851793, 0.00639012316242, -0.0135335410014, 0.00149387691636, 0.0126970652491, -0.032229077071, 0.0573187768459, -0.0235980451107, 0.00372851477005, 0.000175189037691, -0.0057991608046, 0.00841332133859, -0.00394689803943], [-0.000393894442823, -0.00297856796533, 0.0125752026215, -0.00293602980673, -0.00601867912337, 0.0114778624848, -0.0235980451107, 0.0540719851851, -0.0209414735436, 0.00774843804538, 0.00232209684327, -0.00489760329947, 0.00672633200884], [0.00173889414873, 0.00501263001934, -0.00813912041485, 0.0063310964033, -0.00110145658255, -0.00166146655101, 0.00372851477005, -0.0209414735436, 0.0648276805878, -0.0310561712831, 0.0170625112951, -0.00694476254284, 0.000712913984898], [0.000747149577364, -0.00228141970001, 0.00249634846114, -6.91733584972e-05, 0.00154714332893, 0.00191676488612, 0.000175189037691, 0.00774843804538, -0.0310561712831, 0.0713516846299, -0.0295654777437, 0.00871381163597, -0.000860154395923], [0.00317547027953, 0.00459231808782, -0.000633041374385, 0.00171969551593, -0.00247442559339, 0.00427269982174, -0.0057991608046, 0.00232209684327, 0.0170625112951, -0.0295654777437, 0.0656224861741, -0.0303775630891, 0.00752640888095], [-0.00271443114616, -0.000169979015482, -0.0010881194612, -0.00363309541717, 0.00677794218063, -0.00297138816677, 0.00841332133859, -0.00489760329947, -0.00694476254284, 0.00871381163597, -0.0303775630891, 0.0745385885239, -0.0345559120178], [0.00297718425281, -0.00143686763477, 0.00361691648141, 0.00522560067475, -0.00132061296608, 0.00425386894494, -0.00394689803943, 0.00672633200884, 0.000712913984898, -0.000860154395923, 0.00752640888095, -0.0345559120178, 0.0787754505873]]
    melbands:
        dmean: [1.84428756711e-06, 8.43605903356e-06, 4.28930479757e-06, 1.67598409462e-06, 7.99727899903e-07, 4.58961608274e-07, 4.27485701948e-07, 4.0036587734e-07, 2.48183681606e-07, 3.12325255436e-07, 2.27885294635e-07, 2.10666655676e-07, 1.64166834793e-07, 1.52271184106e-07, 1.16385805882e-07, 1.02525092416e-07, 1.11531093694e-07, 8.52551949038e-08, 7.11272107878e-08, 6.99185491726e-08, 5.56003243446e-08, 4.93375758026e-08, 6.21749265406e-08, 4.05905851153e-08, 3.75869610991e-08, 3.53890179383e-08, 3.17096002789e-08, 2.6746286963e-08, 2.25054073155e-08, 1.76426997456e-08, 2.22581846288e-08, 1.35522792988e-08, 1.43812064479e-08, 1.19379235386e-08, 4.73963668313e-09, 1.0907916792e-09, 3.94583948848e-10, 2.40346242908e-10, 2.05978234469e-10, 8.86433218494e-11]
        dmean2: [3.18861611959e-06, 1.46377024066e-05, 7.24979463484e-06, 2.83982490146e-06, 1.32660102281e-06, 7.99687086328e-07, 7.57795532991e-07, 7.32342414267e-07, 4.46155610234e-07, 5.66308585803e-07, 4.03247724989e-07, 3.76297549565e-07, 2.94216050634e-07, 2.63476152895e-07, 2.02197199428e-07, 1.72293312062e-07, 1.89117372429e-07, 1.42901797062e-07, 1.19932707321e-07, 1.20115018376e-07, 9.52572634105e-08, 8.11807581158e-08, 1.07180447628e-07, 6.72488198461e-08, 6.24771416824e-08, 5.81563277535e-08, 5.2273733786e-08, 4.24100541352e-08, 3.588085562e-08, 2.88906996104e-08, 3.82315796799e-08, 2.14207052096e-08, 2.37397035363e-08, 2.03245082986e-08, 8.01226196501e-09, 1.73413250426e-09, 6.74924449662e-10, 4.08227979198e-10, 3.69198505101e-10, 1.48498949248e-10]
        dvar: [4.02035392824e-12, 9.19477549655e-11, 2.59664616198e-11, 3.55657712482e-12, 9.24495831452e-13, 5.26959552383e-13, 2.24679541465e-12, 3.43791401597e-12, 5.58679946923e-13, 2.44471261811e-12, 8.04604755218e-13, 1.07723183672e-12, 1.70693578087e-13, 6.86006766258e-14, 4.83002513311e-14, 2.52831626756e-14, 4.39320177188e-14, 4.38758899276e-14, 1.98489448754e-14, 4.55214005054e-14, 2.45443466576e-14, 7.74731739536e-15, 3.93232674071e-14, 1.1542151207e-14, 1.19508827205e-14, 9.23174348246e-15, 8.2993651895e-15, 9.29696078423e-15, 5.3957616573e-15, 3.15854795559e-15, 1.07223461338e-14, 1.02711839871e-15, 1.85753012432e-15, 2.6591646467e-15, 3.39598193155e-16, 2.30367451403e-17, 5.18984407331e-18, 1.73716324519e-18, 1.44631847681e-18, 1.29819651114e-19]
        dvar2: [1.15429662356e-11, 2.78572553913e-10, 7.1225560172e-11, 9.37307349791e-12, 2.50850750762e-12, 1.46579395757e-12, 6.48466176589e-12, 1.0194093833e-11, 1.58995711562e-12, 7.16274088652e-12, 2.33358211227e-12, 3.1933294984e-12, 4.87019712753e-13, 1.87549262687e-13, 1.33036295738e-13, 6.7613490219e-14, 1.06615251024e-13, 8.2638330044e-14, 4.39219007573e-14, 1.24919443279e-13, 6.74356133001e-14, 2.0053010359e-14, 1.10526598453e-13, 2.89793959229e-14, 3.08080587408e-14, 2.39657215107e-14, 2.04880701976e-14, 2.16010054218e-14, 1.24520788917e-14, 8.06597203715e-15, 3.05978116108e-14, 2.41849061089e-15, 5.06986234271e-15, 7.38430194406e-15, 8.00623059162e-16, 5.50861061279e-17, 1.38277814311e-17, 4.52694566631e-18, 4.01997287274e-18, 3.11382499772e-19]
        max: [1.396044172e-05, 9.92124332697e-05, 6.60726800561e-05, 1.59430746862e-05, 8.17708587419e-06, 6.43963176117e-06, 2.03943418455e-05, 2.44880575337e-05, 8.94901404536e-06, 2.1235917302e-05, 1.23695599541e-05, 1.37293200169e-05, 4.94734513268e-06, 3.10335781251e-06, 2.72398619927e-06, 1.47402715811e-06, 1.80391157301e-06, 2.65617154582e-06, 1.49531695115e-06, 2.84237057713e-06, 1.92193238036e-06, 8.71644090239e-07, 2.0182596927e-06, 1.32338095682e-06, 1.39841984037e-06, 1.20916899959e-06, 1.10198027414e-06, 1.04008699964e-06, 9.38319658417e-07, 6.33493641544e-07, 1.35658956424e-06, 3.98801518031e-07, 5.22810637449e-07, 6.1712353272e-07, 1.84660748914e-07, 5.90495083941e-08, 2.51157281639e-08, 1.36364031178e-08, 1.46702019421e-08, 3.82724829606e-09]
        mean: [2.60016463471e-06, 1.44695832205e-05, 8.19282922748e-06, 2.43063323069e-06, 1.13166822757e-06, 6.29442013178e-07, 5.2808172768e-07, 4.59684684984e-07, 3.37144712148e-07, 3.81716290576e-07, 3.08791669568e-07, 2.69126502417e-07, 2.37567860495e-07, 2.37444112372e-07, 1.93033599771e-07, 1.77307867943e-07, 1.71889070089e-07, 1.49426227836e-07, 1.20368099488e-07, 1.12939545716e-07, 9.65207718195e-08, 9.31716144237e-08, 9.13886708531e-08, 7.34225977794e-08, 6.62360761794e-08, 6.61118022549e-08, 5.36644719773e-08, 4.29654747336e-08, 3.62827634603e-08, 3.11235694994e-08, 3.39313643849e-08, 2.89414607835e-08, 2.54974903413e-08, 1.47112269033e-08, 5.67880720226e-09, 1.27372479231e-09, 3.58255619615e-10, 2.24328777776e-10, 1.89156953989e-10, 1.01323241464e-10]
        median: [1.93731398213e-06, 9.01874045667e-06, 5.58943384021e-06, 1.80348263257e-06, 7.40778887121e-07, 4.19655378892e-07, 3.44876383451e-07, 2.78350285043e-07, 2.23165741886e-07, 2.4217462169e-07, 2.10686224023e-07, 1.63710808465e-07, 1.62494785627e-07, 1.41860297731e-07, 1.31763670197e-07, 1.13497527821e-07, 1.04760879083e-07, 9.27578724941e-08, 8.54803303696e-08, 7.90341019297e-08, 7.14836048132e-08, 6.43098516662e-08, 5.78828647235e-08, 4.83703352927e-08, 4.04632238826e-08, 3.53265541264e-08, 3.02051788026e-08, 2.51511913518e-08, 1.87846982413e-08, 1.74308478762e-08, 1.79627264174e-08, 1.75641243771e-08, 1.33413404768e-08, 5.51224221823e-09, 1.68237179743e-09, 3.16575460291e-10, 7.16922007871e-11, 5.56772787597e-11, 4.6052606173e-11, 3.56458924877e-11]
        min: [2.49374423333e-08, 1.82990163466e-07, 4.01613107215e-08, 1.06921369536e-08, 5.00390751057e-09, 2.16837747757e-09, 7.1231864851e-10, 6.61476928787e-10, 2.8599109192e-10, 3.82296361234e-10, 5.61879431871e-10, 3.98187816053e-10, 1.40885070277e-09, 1.3672992738e-09, 1.43619505177e-10, 2.32822337798e-11, 6.6751491487e-12, 2.31561401998e-11, 2.05791182706e-11, 1.46878308127e-11, 1.43854589699e-11, 1.38573085298e-11, 6.85180514756e-12, 7.88288791881e-12, 4.87231392385e-12, 6.09530351539e-12, 8.80660822045e-12, 4.71220762063e-12, 1.12638665756e-11, 6.01901644845e-12, 1.05920437352e-11, 1.06355271812e-11, 7.35779492889e-12, 3.37686367584e-12, 1.85145323552e-12, 1.3941943303e-12, 1.51471727956e-12, 1.03619077294e-12, 1.01612945488e-12, 6.39241535139e-13]
        stdev: [2.21534560296e-06, 1.52216498464e-05, 8.23402569949e-06, 2.15299814954e-06, 1.15172576898e-06, 7.17222178537e-07, 1.17831712032e-06, 1.37175607051e-06, 6.08822574577e-07, 1.16693513519e-06, 6.96863082794e-07, 7.65376682921e-07, 3.45209684838e-07, 2.95749686074e-07, 2.2656175247e-07, 1.89253100302e-07, 2.32021733382e-07, 2.41824011482e-07, 1.52239039153e-07, 1.83744518267e-07, 1.34551427777e-07, 1.03462525658e-07, 1.67702509657e-07, 1.05700834752e-07, 1.04764446007e-07, 1.02296503712e-07, 9.39404358746e-08, 9.59801411682e-08, 7.37145953167e-08, 5.37822266722e-08, 8.28167898703e-08, 3.72839963347e-08, 4.14129566195e-08, 4.26902602157e-08, 1.7737827207e-08, 4.60964288962e-09, 1.95049354446e-09, 1.15025144964e-09, 9.7770025409e-10, 3.57615381752e-10]
        var: [4.90775605919e-12, 2.31698618625e-10, 6.77991829345e-11, 4.63540100401e-12, 1.32647224368e-12, 5.14407689622e-13, 1.38843114523e-12, 1.88171461919e-12, 3.7066489743e-13, 1.36173754564e-12, 4.85618164604e-13, 5.85801426898e-13, 1.19169729423e-13, 8.74678815163e-14, 5.13302304849e-14, 3.58167373527e-14, 5.38340835939e-14, 5.84788497466e-14, 2.31767255669e-14, 3.37620454868e-14, 1.81040858032e-14, 1.07044940674e-14, 2.81241315094e-14, 1.1172666118e-14, 1.09755895033e-14, 1.04645753732e-14, 8.82480598471e-15, 9.2121880328e-15, 5.43384171751e-15, 2.89252772938e-15, 6.85862101501e-15, 1.3900963688e-15, 1.71503292457e-15, 1.82245830162e-15, 3.14630520607e-16, 2.12488091355e-17, 3.80442532154e-18, 1.32307838831e-18, 9.55897774082e-19, 1.2788875307e-19]
    melbands96:
        dmean: [5.93402432969e-07, 1.86618285625e-06, 4.7213165999e-06, 1.1712457308e-05, 9.35828938964e-06, 2.98304894386e-06, 2.39452060669e-06, 1.7163524717e-06, 1.14610543278e-06, 8.09919868061e-07, 5.72052613279e-07, 4.92299591315e-07, 4.60916169231e-07, 5.25198970536e-07, 5.46312151073e-07, 3.26591731437e-07, 2.72894112641e-07, 3.1870470707e-07, 3.84974271128e-07, 3.31889481231e-07, 2.43919004106e-07, 2.67085937367e-07, 2.63930530764e-07, 1.92865854842e-07, 1.98932809781e-07, 1.92078772443e-07, 1.80283194595e-07, 1.50733498572e-07, 1.42904227118e-07, 1.18763608725e-07, 1.25662580786e-07, 1.35775763965e-07, 1.26952969026e-07, 1.15559515734e-07, 1.0463514144e-07, 8.45729744015e-08, 8.01634101322e-08, 7.87515475054e-08, 8.93233789157e-08, 6.27340241977e-08, 6.15191311226e-08, 5.42944178505e-08, 7.25202724539e-08, 7.2291960862e-08, 6.12824990753e-08, 4.07693079296e-08, 4.27704947015e-08, 4.661100661e-08, 3.94516312952e-08, 4.20230534814e-08, 4.44031975633e-08, 2.92302324567e-08, 3.7300260658e-08, 2.89338153436e-08, 2.68104649592e-08, 2.33471393329e-08, 2.18643645411e-08, 1.72038117086e-08, 2.54005456668e-08, 2.56762699991e-08, 1.29188135745e-08, 1.8129224344e-08, 1.65297198151e-08, 1.40979592445e-08, 1.43220084681e-08, 8.81401263086e-09, 4.75837458325e-09, 1.93839388984e-09, 1.00787167501e-09, 4.19042578415e-10, 4.15478901283e-10, 3.11325076829e-10, 1.95986407658e-10, 2.27524762919e-10, 2.24071039501e-10, 1.05647421367e-10, 6.99000232696e-11, 6.56191698201e-11, 5.32919888774e-11, 6.89928530972e-11, 3.14593559536e-11, 2.65947090738e-11, 2.10197952794e-11, 2.19098194448e-11, 4.06175648671e-11, 1.51709741991e-10, 2.28281824e-10, 2.08190478745e-10, 2.21527296507e-10, 2.67313865487e-10, 2.60757082593e-10, 1.46042414273e-10, 1.44826872717e-10, 1.28895283336e-10, 8.48144610099e-11, 4.28058387347e-11]
        dmean2: [9.90146531876e-07, 3.22906498695e-06, 8.3207823991e-06, 2.03795952984e-05, 1.55224406626e-05, 5.19435616297e-06, 4.06292247135e-06, 2.9718321457e-06, 2.01562056645e-06, 1.41435737078e-06, 9.81645712272e-07, 8.71515339895e-07, 8.0009613157e-07, 9.43201314385e-07, 1.00400427527e-06, 5.82366453727e-07, 4.94520747907e-07, 5.64350671084e-07, 6.96948120549e-07, 6.12498922692e-07, 4.31923893984e-07, 4.81146059883e-07, 4.82152472614e-07, 3.38671299005e-07, 3.59282296358e-07, 3.41139383409e-07, 3.09613170657e-07, 2.64013067408e-07, 2.48399459224e-07, 2.07219613912e-07, 2.11571233422e-07, 2.26233595413e-07, 2.18555015863e-07, 1.98001771423e-07, 1.71881339384e-07, 1.45925568518e-07, 1.38174613085e-07, 1.36962256647e-07, 1.55474197072e-07, 1.06681135037e-07, 1.05586181576e-07, 9.19311915482e-08, 1.17333193828e-07, 1.28392287024e-07, 1.04883653762e-07, 6.81357334997e-08, 6.8160744604e-08, 8.0677729386e-08, 6.65926691568e-08, 6.95877417911e-08, 7.51697655232e-08, 4.80919979395e-08, 6.47216893412e-08, 4.72600376611e-08, 4.34280877926e-08, 3.905334367e-08, 3.62671244147e-08, 2.8216931014e-08, 4.43275780526e-08, 4.52841959486e-08, 2.0360362285e-08, 2.94516393495e-08, 2.78974798817e-08, 2.3595413623e-08, 2.52546428214e-08, 1.55890251818e-08, 7.97267585284e-09, 3.23323767759e-09, 1.69870439937e-09, 6.8409850007e-10, 7.38872407702e-10, 5.3752063911e-10, 3.39961808704e-10, 3.86242732242e-10, 4.12259726357e-10, 1.80836984276e-10, 1.10827187705e-10, 1.05398627326e-10, 9.75480390908e-11, 1.20563795059e-10, 5.11506531575e-11, 4.762120559e-11, 3.51380174957e-11, 3.68356456448e-11, 6.69536162623e-11, 2.43625786212e-10, 3.71236374974e-10, 3.34165362048e-10, 3.46930900674e-10, 4.04474148619e-10, 4.12801071104e-10, 2.27929800034e-10, 2.30849631078e-10, 2.06163530692e-10, 1.30607594184e-10, 6.66738539379e-11]
