
lowlevel:
    average_loudness: 0.000510488520376
    barkbands_crest:
        dmean: 3.18881344795
        dmean2: 5.18741321564
        dvar: 8.04553794861
        dvar2: 20.1354732513
        max: 24.3048152924
        mean: 11.0970897675
        median: 10.303396225
        min: 4.00594091415
        stdev: 4.30608892441
        var: 18.5424003601
    barkbands_flatness_db:
        dmean: 0.0345245040953
        dmean2: 0.0497114509344
        dvar: 0.00116369815078
        dvar2: 0.00209467951208
        max: 0.514320135117
        mean: 0.151341691613
        median: 0.140735566616
        min: 0.0349853374064
        stdev: 0.06647913903
        var: 0.0044194762595
    barkbands_kurtosis:
        dmean: 7.461830616
        dmean2: 11.8719158173
        dvar: 317.276641846
        dvar2: 718.46661377
        max: 268.219696045
        mean: 8.05282115936
        median: 2.41565871239
        min: -1.85385620594
        stdev: 20.7851486206
        var: 432.022399902
    barkbands_skewness:
        dmean: 1.07031583786
        dmean2: 1.48790943623
        dvar: 1.64714455605
        dvar2: 2.97040772438
        max: 6.96957159042
        mean: 0.596618294716
        median: 1.05926275253
        min: -10.1262645721
        stdev: 2.38361144066
        var: 5.68160390854
    barkbands_spread:
        dmean: 13.0841264725
        dmean2: 20.3134307861
        dvar: 216.301742554
        dvar2: 499.696014404
        max: 115.590927124
        mean: 29.6540985107
        median: 23.8208885193
        min: 0.275088995695
        stdev: 21.7837638855
        var: 474.53237915
    dissonance:
        dmean: 0.0336118675768
        dmean2: 0.0520705468953
        dvar: 0.00137041381095
        dvar2: 0.00301527278498
        max: 0.499937713146
        mean: 0.427915424109
        median: 0.440047860146
        min: 0.118042998016
        stdev: 0.0600108839571
        var: 0.0036013063509
    dynamic_complexity: 8.42648983002
    erbbands_crest:
        dmean: 2.23212122917
        dmean2: 3.50997829437
        dvar: 4.3898639679
        dvar2: 10.1855449677
        max: 17.2243423462
        mean: 7.8112449646
        median: 7.41298484802
        min: 1.85133969784
        stdev: 3.39385914803
        var: 11.5182800293
    erbbands_flatness_db:
        dmean: 0.0387108065188
        dmean2: 0.0537470392883
        dvar: 0.00183372909669
        dvar2: 0.00293833715841
        max: 0.600754678249
        mean: 0.178066298366
        median: 0.167812019587
        min: 0.0277219377458
        stdev: 0.0813804343343
        var: 0.0066227754578
    erbbands_kurtosis:
        dmean: 6.66061925888
        dmean2: 10.4910039902
        dvar: 320.22857666
        dvar2: 705.49420166
        max: 228.876556396
        mean: 5.80009269714
        median: 0.290246129036
        min: -1.86985969543
        stdev: 19.7097473145
        var: 388.474121094
    erbbands_skewness:
        dmean: 1.03158664703
        dmean2: 1.4818969965
        dvar: 1.79092907906
        dvar2: 3.65756702423
        max: 13.6259098053
        mean: -0.0314628630877
        median: 0.0459928065538
        min: -11.5808439255
        stdev: 2.22140264511
        var: 4.93462944031
    erbbands_spread:
        dmean: 4.22821331024
        dmean2: 6.63052272797
        dvar: 23.1529312134
        dvar2: 50.509475708
        max: 32.2996520996
        mean: 11.2072658539
        median: 9.91372680664
        min: 0.198170468211
        stdev: 7.30338478088
        var: 53.339427948
    hfc:
        dmean: 0.014192015864
        dmean2: 0.0189262926579
        dvar: 0.00297778565437
        dvar2: 0.00531339645386
        max: 0.982359051704
        mean: 0.0229129418731
        median: 0.00341543136165
        min: 1.09698635242e-06
        stdev: 0.0739232674241
        var: 0.00546464929357
    loudness_ebu128:
        integrated: -52.0799255371
        loudness_range: 9.89889907837
        momentary:
            dmean: 1.78957939148
            dmean2: 2.00386929512
            dvar: 3.51016902924
            dvar2: 3.83072662354
            max: -45.5692138672
            mean: -57.7842330933
            median: -58.2446594238
            min: -80.6308517456
            stdev: 7.43697595596
            var: 55.3086090088
        short_term:
            dmean: 0.258457422256
            dmean2: 0.249891504645
            dvar: 0.147479742765
            dvar2: 0.120274215937
            max: -48.1286087036
            mean: -53.7833900452
            median: -55.1058769226
            min: -60.5895462036
            stdev: 3.53236246109
            var: 12.4775838852
    melbands_crest:
        dmean: 4.71369552612
        dmean2: 7.53607463837
        dvar: 15.7084636688
        dvar2: 38.8253288269
        max: 31.8248806
        mean: 14.7704296112
        median: 14.0020465851
        min: 2.16184735298
        stdev: 6.8869137764
        var: 47.4295845032
    melbands_flatness_db:
        dmean: 0.0359262265265
        dmean2: 0.0508297532797
        dvar: 0.00127158977557
        dvar2: 0.00251439027488
        max: 0.411031723022
        mean: 0.177655845881
        median: 0.180961757898
        min: 0.00616907840595
        stdev: 0.0787373259664
        var: 0.00619956618175
    melbands_kurtosis:
        dmean: 13.0347194672
        dmean2: 20.3158988953
        dvar: 548.134094238
        dvar2: 1270.94287109
        max: 335.53805542
        mean: 18.5345859528
        median: 8.84590148926
        min: -1.92419445515
        stdev: 28.5887565613
        var: 817.316955566
    melbands_skewness:
        dmean: 1.36800372601
        dmean2: 1.9032381773
        dvar: 2.26626014709
        dvar2: 4.25894880295
        max: 12.4492378235
        mean: 2.38470029831
        median: 2.37493610382
        min: -7.89690160751
        stdev: 2.8186378479
        var: 7.94471979141
    melbands_spread:
        dmean: 23.926109314
        dmean2: 38.1463394165
        dvar: 1342.29016113
        dvar2: 3410.97070312
        max: 252.649642944
        mean: 46.062297821
        median: 24.3443336487
        min: 1.13884758949
        stdev: 49.6239089966
        var: 2462.5324707
    pitch:
        dmean: 713.235717773
        dmean2: 1328.82263184
        dvar: 2384170.75
        dvar2: 4598325.5
        max: 7295.02392578
        mean: 1419.06750488
        median: 381.762329102
        min: 85.5130844116
        stdev: 2126.12182617
        var: 4520394
    pitch_instantaneous_confidence:
        dmean: 0.115710631013
        dmean2: 0.182935699821
        dvar: 0.0112978629768
        dvar2: 0.0252852775156
        max: 0.941974043846
        mean: 0.557737588882
        median: 0.588000357151
        min: 0.0952079892159
        stdev: 0.200494259596
        var: 0.0401979498565
    pitch_salience:
        dmean: 0.0882547497749
        dmean2: 0.140039935708
        dvar: 0.00724226841703
        dvar2: 0.0166361834854
        max: 0.928426146507
        mean: 0.631302654743
        median: 0.656978845596
        min: 0.163527965546
        stdev: 0.139597386122
        var: 0.0194874294102
    silence_rate_20dB:
        dmean: 0
        dmean2: 0
        dvar: 0
        dvar2: 0
        max: 1
        mean: 1
        median: 1
        min: 1
        stdev: 0
        var: 0
    silence_rate_30dB:
        dmean: 0
        dmean2: 0
        dvar: 0
        dvar2: 0
        max: 1
        mean: 1
        median: 1
        min: 1
        stdev: 0
        var: 0
    silence_rate_60dB:
        dmean: 0
        dmean2: 0
        dvar: 0
        dvar2: 0
        max: 1
        mean: 1
        median: 1
        min: 1
        stdev: 0
        var: 0
    sound_start_frame: 0
    sound_stop_frame: 631
    spectral_centroid:
        dmean: 946.131530762
        dmean2: 1288.12573242
        dvar: 1710890.875
        dvar2: 2625191
        max: 13068.5556641
        mean: 3374.23950195
        median: 1791.09472656
        min: 471.131195068
        stdev: 3231.00805664
        var: 10439413
    spectral_complexity:
        dmean: 0.034428793937
        dmean2: 0.0689655169845
        dvar: 0.0332431085408
        dvar2: 0.0955576822162
        max: 1
        mean: 0.0250000003725
        median: 0
        min: 0
        stdev: 0.156124338508
        var: 0.0243748091161
    spectral_crest:
        dmean: 3.18881344795
        dmean2: 5.18741321564
        dvar: 8.04553794861
        dvar2: 20.1354732513
        max: 24.3048152924
        mean: 11.0970897675
        median: 10.303396225
        min: 4.00594091415
        stdev: 4.30608892441
        var: 18.5424003601
    spectral_decrease:
        dmean: 1.56336445525e-12
        dmean2: 2.1852092618e-12
        dvar: 1.44060784547e-23
        dvar2: 2.84417898698e-23
        max: 8.78538920063e-16
        mean: -2.80615721632e-12
        median: -4.69801606472e-13
        min: -4.78945390292e-11
        stdev: 5.85306499448e-12
        var: 3.42583705575e-23
    spectral_energy:
        dmean: 7.06236278347e-06
        dmean2: 9.85454607871e-06
        dvar: 2.82758705339e-10
        dvar2: 5.60214652445e-10
        max: 0.000194309977815
        mean: 1.26693557831e-05
        median: 2.24024597628e-06
        min: 5.73003700044e-10
        stdev: 2.56308467215e-05
        var: 6.56940279953e-10
    spectral_energyband_high:
        dmean: 1.56290286668e-06
        dmean2: 2.04632283385e-06
        dvar: 6.76961056656e-11
        dvar2: 1.19428786305e-10
        max: 0.000151962653035
        mean: 2.16835633182e-06
        median: 1.75504624167e-07
        min: 5.22917507906e-11
        stdev: 1.08466210804e-05
        var: 1.17649195941e-10
    spectral_energyband_low:
        dmean: 1.14916055338e-07
        dmean2: 1.94364247363e-07
        dvar: 8.13263031137e-14
        dvar2: 2.21254614565e-13
        max: 3.67749612451e-06
        mean: 1.52956701527e-07
        median: 1.26992549809e-08
        min: 1.01092537119e-11
        stdev: 3.64089743243e-07
        var: 1.32561347424e-13
    spectral_energyband_middle_high:
        dmean: 1.43970851241e-06
        dmean2: 1.97627264242e-06
        dvar: 1.71802034404e-11
        dvar2: 3.44295598975e-11
        max: 5.84983172303e-05
        mean: 2.25438611778e-06
        median: 1.13134234425e-07
        min: 2.55070797817e-10
        stdev: 5.98866290602e-06
        var: 3.58640825371e-11
    spectral_energyband_middle_low:
        dmean: 4.91872015118e-06
        dmean2: 6.79193135511e-06
        dvar: 1.5958515065e-10
        dvar2: 3.09320985492e-10
        max: 0.000158548893523
        mean: 8.17926320451e-06
        median: 9.40101585911e-07
        min: 6.66420391093e-11
        stdev: 1.89855090866e-05
        var: 3.60449586845e-10
    spectral_entropy:
        dmean: 0.249715045094
        dmean2: 0.329195201397
        dvar: 0.0676980689168
        dvar2: 0.112475641072
        max: 9.79532432556
        mean: 8.70735931396
        median: 8.7227973938
        min: 6.940097332
        stdev: 0.662226736546
        var: 0.438544273376
    spectral_flatness_db:
        dmean: 0.0345245040953
        dmean2: 0.0497114509344
        dvar: 0.00116369815078
        dvar2: 0.00209467951208
        max: 0.514320135117
        mean: 0.151341691613
        median: 0.140735566616
        min: 0.0349853374064
        stdev: 0.06647913903
        var: 0.0044194762595
    spectral_flux:
        dmean: 0.000589969800785
        dmean2: 0.000911177892704
        dvar: 7.48994978039e-07
        dvar2: 1.43776810546e-06
        max: 0.0105029288679
        mean: 0.00177583226468
        median: 0.00107050174847
        min: 5.34598875674e-05
        stdev: 0.00186076783575
        var: 3.46245678884e-06
    spectral_kurtosis:
        dmean: 0.743446230888
        dmean2: 0.960257232189
        dvar: 0.998145461082
        dvar2: 1.47191143036
        max: 11.5107793808
        mean: 0.884681224823
        median: -0.0820281505585
        min: -1.42568171024
        stdev: 2.51796293259
        var: 6.34013700485
    spectral_rms:
        dmean: 2.43006634264e-05
        dmean2: 3.21987427014e-05
        dvar: 1.28574428881e-09
        dvar2: 2.16851891999e-09
        max: 0.000435397203546
        mean: 7.68991740188e-05
        median: 4.67500285595e-05
        min: 7.47681724533e-07
        stdev: 8.029233868e-05
        var: 6.44685949069e-09
    spectral_rolloff:
        dmean: 1723.3302002
        dmean2: 2676.5324707
        dvar: 7428900.5
        dvar2: 13626970
        max: 19702.8808594
        mean: 5447.29248047
        median: 2756.25
        min: 258.3984375
        stdev: 5514.95800781
        var: 30414762
    spectral_skewness:
        dmean: 0.250173866749
        dmean2: 0.31996178627
        dvar: 0.0685816630721
        dvar2: 0.095894113183
        max: 3.30357575417
        mean: 1.02336120605
        median: 0.930038571358
        min: -0.336984544992
        stdev: 0.786291956902
        var: 0.618255019188
    spectral_spread:
        dmean: 3666261.75
        dmean2: 4791278.5
        dvar: 1.62609517036e+13
        dvar2: 2.56805426954e+13
        max: 51868300
        mean: 32599830
        median: 33690096
        min: 7090710
        stdev: 11193149
        var: 1.25286586778e+14
    spectral_strongpeak:
        dmean: 0.0279553215951
        dmean2: 0.0418654419482
        dvar: 0.00251957611181
        dvar2: 0.00498341443017
        max: 0.826373636723
        mean: 0.041326943785
        median: 0.0197421368212
        min: 0
        stdev: 0.0731683522463
        var: 0.005353607703
    zerocrossingrate:
        dmean: 0.0353342927992
        dmean2: 0.0356085598469
        dvar: 0.00108858849853
        dvar2: 0.00112635013647
        max: 0.42724609375
        mean: 0.159346014261
        median: 0.131591796875
        min: 0.01220703125
        stdev: 0.0961669012904
        var: 0.00924807228148
    barkbands:
        dmean: [1.10679021503e-09, 3.69486237162e-08, 7.39805159355e-08, 2.40866597778e-08, 3.44202106817e-07, 1.1858378457e-06, 1.25929364003e-06, 2.19456956074e-06, 1.41642271956e-06, 3.39064541777e-07, 4.78507864443e-08, 2.97774647606e-07, 1.70918752929e-07, 3.28448010123e-07, 2.13291770024e-07, 1.49926790982e-07, 1.99252809807e-07, 1.02317635253e-07, 1.25718486288e-07, 7.68657812955e-08, 1.21496512406e-07, 5.88405328017e-07, 8.71182749052e-07, 9.91425253005e-08, 1.20513110602e-08, 4.8983963552e-09, 4.06437461464e-09]
        dmean2: [1.91202187416e-09, 6.15185840047e-08, 1.29199520416e-07, 4.05631119804e-08, 4.39636721694e-07, 1.70694272583e-06, 1.92460015569e-06, 3.29648310071e-06, 1.9686331143e-06, 5.16646593951e-07, 7.11817591537e-08, 5.01234183048e-07, 2.86412500827e-07, 5.37961739155e-07, 3.33282230258e-07, 2.22525741833e-07, 3.0233533721e-07, 1.4850985508e-07, 1.88930243894e-07, 1.00475851639e-07, 1.83819736321e-07, 9.19471631278e-07, 1.15544878554e-06, 1.37858719995e-07, 1.75742940201e-08, 7.46162953646e-09, 5.94820237509e-09]
        dvar: [1.0075550379e-17, 9.80983584566e-15, 4.12196149338e-14, 3.46488695008e-15, 2.7061942097e-12, 1.68029843511e-11, 1.25510522114e-11, 6.11994552258e-11, 3.45353780296e-11, 2.93808835768e-12, 6.5231111799e-14, 3.59255594023e-12, 1.04849310657e-12, 2.73407533592e-12, 4.38820339657e-13, 2.51300933188e-13, 4.00598255739e-13, 1.45396796816e-13, 4.21903045269e-13, 9.8524053499e-14, 3.26857302075e-13, 9.42564862966e-12, 2.81728772256e-11, 1.25869882009e-13, 1.43212328491e-15, 9.39715159994e-17, 7.207696501e-17]
        dvar2: [2.89921543831e-17, 2.50721599921e-14, 1.15539535946e-13, 8.99413888229e-15, 3.4766070231e-12, 3.90592315436e-11, 2.82435914933e-11, 1.42189732211e-10, 6.71075070513e-11, 5.81543190339e-12, 1.41797096525e-13, 9.32029193407e-12, 2.74733209273e-12, 6.96952478368e-12, 1.08183796123e-12, 5.48456679378e-13, 7.90228668092e-13, 3.00716916646e-13, 9.60166733448e-13, 1.53769764933e-13, 7.9886130263e-13, 2.31811202178e-11, 4.40688145698e-11, 2.49414204567e-13, 2.84390316777e-15, 1.92838339803e-16, 1.48692173733e-16]
        max: [4.24510844255e-08, 1.39887151818e-06, 2.78938250631e-06, 7.23869220565e-07, 4.68561702291e-05, 5.83375876886e-05, 4.27152044722e-05, 0.0001049907587, 7.02160905348e-05, 3.01563159155e-05, 4.23086885348e-06, 2.98355917039e-05, 1.64268130902e-05, 2.58517575276e-05, 1.11245572043e-05, 8.55080179463e-06, 8.27482290333e-06, 5.63821777178e-06, 1.03641841633e-05, 7.35066760171e-06, 1.14614213089e-05, 5.21132387803e-05, 0.000106301937194, 4.89918011226e-06, 4.64955718371e-07, 1.18071689315e-07, 1.25466314671e-07]
        mean: [9.7086327866e-10, 3.90925336546e-08, 9.68277475977e-08, 2.68538684622e-08, 7.39068752864e-07, 1.59580815762e-06, 1.62225626354e-06, 2.36595633396e-06, 1.60595641319e-06, 3.92983707798e-07, 4.84874718154e-08, 2.37083298771e-07, 1.47948284734e-07, 3.69845110981e-07, 2.89390328589e-07, 1.96880066028e-07, 3.06494314373e-07, 1.67989583133e-07, 1.635093696e-07, 1.21884582427e-07, 1.65320713563e-07, 7.12401060809e-07, 1.07934511107e-06, 1.17390662524e-07, 2.27126335517e-08, 1.68490323915e-08, 1.72010636845e-08]
        median: [1.6215306875e-10, 2.26428165107e-09, 5.6272604354e-09, 2.99409053106e-09, 1.89818827323e-08, 9.5894328922e-08, 7.89203085105e-08, 8.75523724631e-08, 2.25285390343e-08, 4.70437555578e-09, 1.38776279357e-09, 1.73335146236e-09, 1.86232151922e-09, 2.28300489624e-09, 4.6009143162e-09, 8.69840377504e-09, 1.29573098917e-08, 9.77634240229e-09, 4.06167455225e-09, 3.82427778334e-09, 1.2844051156e-08, 3.81313967068e-08, 2.09403516749e-08, 7.08702252439e-09, 1.01971249222e-08, 1.39748621564e-08, 1.52275578813e-08]
        min: [1.09595655034e-13, 1.56172080476e-12, 6.47661449211e-13, 9.67377219996e-13, 2.90903173945e-12, 7.99730247303e-12, 4.30068827773e-12, 2.74186511169e-12, 1.27683072448e-11, 5.80438605166e-12, 8.82253471668e-12, 1.69276040667e-12, 6.76818150136e-12, 1.76552366477e-11, 3.80449907689e-11, 3.89379570254e-11, 1.1875766863e-11, 1.61981157654e-11, 5.33894803367e-12, 5.70025190244e-12, 7.47412201574e-12, 5.02013795117e-12, 1.4410746034e-11, 4.13296567109e-12, 5.93054078069e-12, 5.80218078444e-12, 5.49298497313e-12]
        stdev: [2.70426325777e-09, 1.06236079489e-07, 2.60590582002e-07, 7.09579666136e-08, 3.64374295714e-06, 4.93167271998e-06, 4.47914180768e-06, 8.6820928118e-06, 7.07305480319e-06, 1.93572759599e-06, 2.65271154376e-07, 1.63085906024e-06, 9.02147007764e-07, 1.83335919246e-06, 9.16436249554e-07, 6.24536312444e-07, 9.09541313376e-07, 5.38785855042e-07, 7.6717066122e-07, 4.85413124807e-07, 5.88008560953e-07, 3.46087222169e-06, 7.02870875102e-06, 4.31066013107e-07, 4.8091806093e-08, 1.33275692704e-08, 1.16089662328e-08]
        var: [7.31304010267e-18, 1.12861041584e-14, 6.7907444533e-14, 5.03503319496e-15, 1.32768631159e-11, 2.43213973267e-11, 2.00627101737e-11, 7.53787379737e-11, 5.00281031879e-11, 3.74704173939e-12, 7.03687799762e-14, 2.65970123529e-12, 8.13869262782e-13, 3.3612058449e-12, 8.39855366242e-13, 3.90045634679e-13, 8.27265447985e-13, 2.90290198563e-13, 5.88550800977e-13, 2.35625917649e-13, 3.45754051475e-13, 1.1977635897e-11, 4.94027492526e-11, 1.85817900238e-13, 2.31282176841e-15, 1.77624106058e-16, 1.34768103515e-16]
    erbbands:
        dmean: [5.95549778382e-08, 2.99053099297e-05, 7.85256997915e-05, 0.00122487428598, 0.0097352527082, 0.0250703636557, 0.045834030956, 0.0109995966777, 0.0053847306408, 0.00775452563539, 0.0118038011715, 0.00855954550207, 0.0088973371312, 0.00470623373985, 0.00276693352498, 0.0127020254731, 0.0274201370776, 0.00586993945763]
        dmean2: [1.0178312948e-07, 4.90369056934e-05, 0.000131675609737, 0.00174717605114, 0.0143573908135, 0.0367532707751, 0.0665557980537, 0.016229107976, 0.00840463396162, 0.0119681414217, 0.0169806275517, 0.012176303193, 0.0123555734754, 0.00698272092268, 0.00396769121289, 0.0196523107588, 0.0364676192403, 0.00815011002123]
        dvar: [2.16150272052e-14, 6.45687814327e-09, 3.15717016974e-08, 3.14940079988e-05, 0.00127131619956, 0.00831147748977, 0.0335489474237, 0.00255714007653, 0.000565171882045, 0.00161822978407, 0.00248143845238, 0.000885387824383, 0.000870683870744, 0.000539151136763, 9.09026130103e-05, 0.00459622219205, 0.0228521917015, 0.000669633212965]
        dvar2: [5.88609496972e-14, 1.69564966512e-08, 8.25888619715e-08, 5.41921435797e-05, 0.00301422947086, 0.0186376459897, 0.0700224936008, 0.0049478369765, 0.0013493798906, 0.00370579818264, 0.0055741625838, 0.00192570628133, 0.0014337124303, 0.00112783175427, 0.000161094241776, 0.0110808648169, 0.0466091968119, 0.00107144436333]
        max: [1.35010918711e-06, 0.000971814501099, 0.00190080772154, 0.120495326817, 0.585973262787, 1.31721365452, 2.56164693832, 0.757749140263, 0.275793254375, 0.501839995384, 0.894001722336, 0.539290368557, 0.524305641651, 0.384312421083, 0.206800967455, 1.07972359657, 2.84898352623, 0.41800147295]
        mean: [6.1389883399e-08, 3.37213714374e-05, 0.000108551736048, 0.00267361896113, 0.0125930402428, 0.0294230468571, 0.0509397797287, 0.0131432116032, 0.00491635501385, 0.00786803755909, 0.0150940921158, 0.0118212997913, 0.0155278490856, 0.006772918161, 0.00441870186478, 0.0142426965758, 0.032247312367, 0.0072313779965]
        median: [7.38716821047e-09, 1.63817651355e-06, 1.15290122267e-05, 8.45992617542e-05, 0.000792978797108, 0.00136562925763, 0.00092276756186, 0.000183722397196, 6.32620940451e-05, 9.23576153582e-05, 0.000173140331754, 0.000597274047323, 0.000896383018699, 0.000220725647523, 0.000217297536437, 0.000867811497301, 0.00129176105838, 0.000177851208718]
        min: [3.24911516962e-12, 4.59996429836e-10, 5.03792119133e-09, 1.17642864339e-08, 6.45511448738e-08, 9.40832620699e-08, 1.24860292772e-07, 1.60616579592e-07, 1.42493504995e-07, 3.30836456897e-07, 2.17949127546e-06, 2.91649303108e-06, 4.69849368301e-07, 3.13608467195e-07, 3.28569598196e-07, 2.77308942032e-07, 4.82596703932e-07, 9.14691611342e-08]
        stdev: [1.41916800089e-07, 9.21819519135e-05, 0.000256395636825, 0.0110075362027, 0.0411115400493, 0.10099491477, 0.214121937752, 0.0586619563401, 0.0226858574897, 0.0403407625854, 0.0586749576032, 0.0365108251572, 0.0487356483936, 0.0297360010445, 0.0142808267847, 0.0743321031332, 0.184956118464, 0.034930460155]
        var: [2.01403784194e-14, 8.49751202736e-09, 6.57387175806e-08, 0.000121165845485, 0.00169015885331, 0.0101999733597, 0.0458482019603, 0.00344122527167, 0.000514648098033, 0.0016273772344, 0.00344275054522, 0.0013330404181, 0.00237516337074, 0.000884229782969, 0.000203942021471, 0.00552526162937, 0.0342087633908, 0.00122013699729]
    gfcc:
        mean: [-330.454162598, -61.3463630676, -43.6628227234, -44.1090545654, -40.3151397705, -21.9502677917, -3.05232810974, -3.56720924377, -17.4358329773, -4.07191514969, -13.084236145, -3.85139966011, -8.09157085419]
        cov: [[6853.50634766, 602.095581055, -1283.8638916, -418.722137451, -777.099853516, -180.426269531, 115.289108276, 80.7459106445, -259.203765869, -57.3635025024, 30.4949741364, 30.4062099457, -148.78263855], [602.095581055, 1116.2175293, -290.020690918, 21.10896492, -175.283905029, -70.3917922974, 69.0143203735, -30.9721374512, 49.1401939392, -77.4603881836, -19.2296123505, -69.816619873, -27.921880722], [-1283.8638916, -290.020690918, 1244.97363281, 120.712303162, 94.6045684814, -51.7597389221, -124.53175354, -12.1663169861, 24.8050498962, 75.4884872437, -47.5916366577, -33.9164848328, -38.0030326843], [-418.722137451, 21.10896492, 120.712303162, 405.112854004, 75.6106185913, 2.82344579697, -36.0941085815, -53.3843536377, 24.4581298828, -22.3627738953, 45.7304344177, -20.3586788177, -24.5560207367], [-777.099853516, -175.283905029, 94.6045684814, 75.6106185913, 482.195220947, 113.299980164, -105.360145569, -0.347825884819, -34.8918495178, -54.37707901, -3.48781847954, 17.4001560211, -1.9334821701], [-180.426269531, -70.3917922974, -51.7597389221, 2.82344579697, 113.299980164, 175.190307617, 20.7764415741, -20.5025730133, -7.08825874329, -44.9610824585, -16.1294593811, 1.4988976717, 10.9598264694], [115.289108276, 69.0143203735, -124.53175354, -36.0941085815, -105.360145569, 20.7764415741, 225.601837158, 24.7247009277, -28.4333896637, 12.2291479111, -47.2088623047, -40.2885551453, 3.51907420158], [80.7459106445, -30.9721374512, -12.1663169861, -53.3843536377, -0.347825884819, -20.5025730133, 24.7247009277, 101.514625549, 8.04204082489, -7.11634683609, -35.1891212463, -11.7236347198, -5.47855806351], [-259.203765869, 49.1401939392, 24.8050498962, 24.4581298828, -34.8918495178, -7.08825874329, -28.4333896637, 8.04204082489, 135.188995361, -11.7662878036, -3.14883494377, -20.2991943359, 0.355547040701], [-57.3635025024, -77.4603881836, 75.4884872437, -22.3627738953, -54.37707901, -44.9610824585, 12.2291479111, -7.11634683609, -11.7662878036, 114.259620667, -7.00145959854, 10.1200046539, 0.491873532534], [30.4949741364, -19.2296123505, -47.5916366577, 45.7304344177, -3.48781847954, -16.1294593811, -47.2088623047, -35.1891212463, -3.14883494377, -7.00145959854, 109.007301331, 22.9398231506, -2.02514600754], [30.4062099457, -69.816619873, -33.9164848328, -20.3586788177, 17.4001560211, 1.4988976717, -40.2885551453, -11.7236347198, -20.2991943359, 10.1200046539, 22.9398231506, 79.1671066284, 9.99818706512], [-148.78263855, -27.921880722, -38.0030326843, -24.5560207367, -1.9334821701, 10.9598264694, 3.51907420158, -5.47855806351, 0.355547040701, 0.491873532534, -2.02514600754, 9.99818706512, 60.6787834167]]
        icov: [[0.000358749326551, -1.09986522148e-05, 0.000358649907866, 0.000166892277775, 0.000706776976585, -4.72084593639e-06, 0.000554706086405, -0.000190009741345, 0.000958632968832, 0.000326323410263, 0.000223664726946, 0.000146335587488, 0.00111588137224], [-1.09986522148e-05, 0.00128558801953, 0.000309973576805, -9.93721096165e-06, 0.000241215209826, 0.000894037424587, -0.000125976148411, 0.00112481915858, -0.000293210323434, 0.00115108396858, 0.000727725273464, 0.000792275473941, 0.000595918914769], [0.000358649907866, 0.000309973576805, 0.00147013785318, -0.0001109844452, 0.000633373041637, 0.000375505798729, 0.00127517059445, 0.000220085203182, 0.000916118558962, -0.000203748379136, 0.00118001631927, 0.000980191631243, 0.00167030072771], [0.000166892277775, -9.93721096165e-06, -0.0001109844452, 0.00324284564704, -0.000338753801771, 0.000487848563353, -0.000165663092048, 0.00157890853006, -0.000263941357844, 0.000753957836423, -0.00107522378676, 0.000884480716195, 0.00151454203296], [0.000706776976585, 0.000241215209826, 0.000633373041637, -0.000338753801771, 0.00480527663603, -0.00216562813148, 0.00308386259712, -0.00135668669827, 0.00329101528041, 0.00140337250195, 0.00110885768663, 0.000535988074262, 0.00226454879157], [-4.72084593639e-06, 0.000894037424587, 0.000375505798729, 0.000487848563353, -0.00216562813148, 0.00942552648485, -0.00227540219203, 0.0040042088367, -0.000972759327851, 0.00369053520262, 0.0020517713856, -0.00046561381896, -0.000324543711031], [0.000554706086405, -0.000125976148411, 0.00127517059445, -0.000165663092048, 0.00308386259712, -0.00227540219203, 0.008475468494, -0.00191700377036, 0.00402887538075, -0.000909565133043, 0.00254089524969, 0.00382083607838, 0.00131738034543], [-0.000190009741345, 0.00112481915858, 0.000220085203182, 0.00157890853006, -0.00135668669827, 0.0040042088367, -0.00191700377036, 0.0144007783383, -0.00205832743086, 0.00283185951412, 0.00405735336244, 0.000691773486324, 0.00148395716678], [0.000958632968832, -0.000293210323434, 0.000916118558962, -0.000263941357844, 0.00329101528041, -0.000972759327851, 0.00402887538075, -0.00205832743086, 0.0115645285696, 0.00123192823958, 0.00105444795918, 0.00298695033416, 0.00200891215354], [0.000326323410263, 0.00115108396858, -0.000203748379136, 0.000753957836423, 0.00140337250195, 0.00369053520262, -0.000909565133043, 0.00283185951412, 0.00123192823958, 0.0127492174506, 0.00201368937269, -0.00149931258056, 0.00139757839497], [0.000223664726946, 0.000727725273464, 0.00118001631927, -0.00107522378676, 0.00110885768663, 0.0020517713856, 0.00254089524969, 0.00405735336244, 0.00105444795918, 0.00201368937269, 0.0135123711079, -0.00173158606049, 0.00178470066749], [0.000146335587488, 0.000792275473941, 0.000980191631243, 0.000884480716195, 0.000535988074262, -0.00046561381896, 0.00382083607838, 0.000691773486324, 0.00298695033416, -0.00149931258056, -0.00173158606049, 0.0174836032093, -0.00130669225473], [0.00111588137224, 0.000595918914769, 0.00167030072771, 0.00151454203296, 0.00226454879157, -0.000324543711031, 0.00131738034543, 0.00148395716678, 0.00200891215354, 0.00139757839497, 0.00178470066749, -0.00130669225473, 0.0215897057205]]
    melbands:
        dmean: [6.50174580841e-09, 3.07106624575e-08, 1.40599025755e-08, 4.18047534367e-08, 1.34171472155e-07, 2.49386431506e-07, 2.29997738188e-07, 3.34995519324e-07, 4.48781122486e-07, 1.72306997115e-07, 9.95132154458e-08, 1.54324553137e-08, 8.28423019072e-09, 2.45636151419e-08, 2.92457720263e-08, 1.69607456968e-08, 2.92775546029e-08, 2.12386392917e-08, 1.76306667043e-08, 1.12660920593e-08, 1.10643467721e-08, 1.17677707578e-08, 9.24795529045e-09, 3.9422389797e-09, 1.69404879014e-09, 5.2377719939e-09, 5.23554444243e-09, 2.03148076139e-09, 2.2139554634e-09, 2.14871964666e-09, 6.14434325641e-09, 1.53197987629e-08, 9.36615851543e-09, 1.77527521572e-08, 1.70950684719e-08, 7.1315002792e-09, 1.68885716523e-09, 7.83851594743e-10, 3.6940409065e-10, 1.34855890344e-10]
        dmean2: [1.09213980082e-08, 5.1677336188e-08, 2.32067289829e-08, 5.96360365535e-08, 1.66671838997e-07, 3.6560933836e-07, 3.56606591367e-07, 5.04942363477e-07, 6.44257625027e-07, 2.37704753658e-07, 1.49131579974e-07, 2.09922461636e-08, 1.21512000462e-08, 4.10908782555e-08, 4.94562293341e-08, 2.8248173578e-08, 4.73249848199e-08, 3.13179704392e-08, 2.71301416888e-08, 1.56749049296e-08, 1.63474922488e-08, 1.77608487917e-08, 1.29253168168e-08, 6.10857764372e-09, 2.73804201534e-09, 7.85534659542e-09, 7.42396855102e-09, 2.71161382237e-09, 3.65812846681e-09, 3.43078143672e-09, 9.15410947044e-09, 2.54350762674e-08, 1.36934206196e-08, 2.5643847934e-08, 2.0688185387e-08, 1.06540252176e-08, 2.32215269236e-09, 1.13125586676e-09, 5.23852683454e-10, 1.98293187426e-10]
        dvar: [2.77946450103e-16, 6.59169255773e-15, 9.4815142286e-16, 3.43301775896e-14, 4.02578469692e-13, 8.11700533176e-13, 3.96704397847e-13, 1.82676226576e-12, 3.39439067132e-12, 5.9326323151e-13, 3.23807685309e-13, 4.29840506315e-15, 1.66956176074e-15, 1.60701089751e-14, 5.26786696675e-14, 8.3048565041e-15, 1.96203933634e-14, 1.1348411902e-14, 3.63936599634e-15, 1.19211332293e-15, 1.40746202653e-15, 1.62694509794e-15, 9.75615936779e-16, 2.65995106385e-16, 6.26140717419e-17, 7.69439700028e-16, 6.71586377615e-16, 8.09236484263e-17, 4.20496867345e-17, 1.08452053776e-16, 9.34131333517e-16, 1.0563214054e-14, 1.42696125437e-15, 1.144579528e-14, 1.13131846488e-14, 1.40552465042e-15, 4.1666235581e-17, 8.31094252185e-18, 1.91944593485e-18, 1.7595944964e-19]
        dvar2: [7.19838297669e-16, 1.80742024808e-14, 2.27451279755e-15, 7.26955388247e-14, 3.89900188958e-13, 1.92657088199e-12, 9.54516955927e-13, 4.38671408226e-12, 7.40424735413e-12, 1.21778271061e-12, 6.13652845986e-13, 8.62022719915e-15, 3.59196349151e-15, 4.16970230316e-14, 1.13841932842e-13, 2.01451607674e-14, 5.00700250304e-14, 2.65158141483e-14, 9.40206910265e-15, 2.22842488786e-15, 3.1708229453e-15, 3.32150015398e-15, 1.56162329348e-15, 6.68960204901e-16, 1.25261693929e-16, 1.67026236287e-15, 1.42165491059e-15, 1.24265940526e-16, 1.06509747671e-16, 2.81032905814e-16, 2.14499870706e-15, 2.82944376479e-14, 2.91386470108e-15, 2.57979638899e-14, 1.88601440238e-14, 2.40662537336e-15, 8.30291142528e-17, 1.75007793338e-17, 3.95607151605e-18, 3.96360961298e-19]
        max: [2.25771884743e-07, 1.11058989205e-06, 5.30956242528e-07, 3.76670914193e-06, 1.74368724402e-05, 1.31149708977e-05, 8.09124503576e-06, 2.33979262703e-05, 2.79962823697e-05, 1.14859094538e-05, 1.04461905721e-05, 9.42524025049e-07, 6.91960906352e-07, 1.47888852098e-06, 3.99978171117e-06, 1.20602715015e-06, 2.5625311082e-06, 2.01257989829e-06, 1.14647798455e-06, 4.48736386716e-07, 6.19224294951e-07, 6.91761442795e-07, 5.64231811495e-07, 2.72903889709e-07, 1.31816705107e-07, 4.74672617656e-07, 4.04619925121e-07, 2.23927642651e-07, 1.15287711822e-07, 2.09472190704e-07, 4.6520059982e-07, 1.89220031643e-06, 5.2326555533e-07, 2.01423222279e-06, 2.5030890356e-06, 6.03684156886e-07, 9.7878924521e-08, 3.91921304299e-08, 1.96352480941e-08, 6.11317174659e-09]
        mean: [6.78267664256e-09, 3.859266684e-08, 2.19411084856e-08, 8.50684145348e-08, 2.7294265692e-07, 3.2246560977e-07, 3.12662535862e-07, 3.78480478957e-07, 4.8873198466e-07, 1.94225961536e-07, 1.14303531973e-07, 1.88451405592e-08, 8.43746761348e-09, 2.0987290128e-08, 2.59051891049e-08, 1.68071778717e-08, 3.17903960934e-08, 2.48079636833e-08, 2.36594637215e-08, 1.62369389045e-08, 1.35361304388e-08, 1.76897199111e-08, 1.62277036253e-08, 5.6140327942e-09, 2.6608764081e-09, 6.9760219823e-09, 7.7499073825e-09, 2.98890978634e-09, 3.1140179324e-09, 2.9038649263e-09, 7.01292268701e-09, 1.61688920031e-08, 1.21645626905e-08, 1.97216145637e-08, 1.968929908e-08, 8.70878746895e-09, 1.946454109e-09, 8.71951066905e-10, 4.79191464287e-10, 2.12707892966e-10]
        median: [4.86870210814e-10, 2.44113240733e-09, 2.0470212192e-09, 2.99762437095e-09, 7.98477195474e-09, 2.05128927178e-08, 1.7725556134e-08, 1.555646989e-08, 1.16764216074e-08, 3.39578920538e-09, 1.16315834742e-09, 3.07651820686e-10, 1.98782906802e-10, 1.83266873899e-10, 1.90810270362e-10, 1.71426775553e-10, 1.97598035157e-10, 2.41501096898e-10, 4.2391803956e-10, 5.12016318233e-10, 6.67076394123e-10, 6.40989705758e-10, 7.9616846449e-10, 3.47040562954e-10, 1.52350396188e-10, 1.4258451364e-10, 1.15407267076e-10, 1.07448980269e-10, 1.302456476e-10, 1.56479135205e-10, 4.82123674317e-10, 6.46180886577e-10, 7.58132334688e-10, 6.01325100824e-10, 2.91052681956e-10, 1.20337587117e-10, 7.83762638124e-11, 7.57738941037e-11, 7.46868816792e-11, 8.05621819255e-11]
        min: [2.96141041377e-13, 7.63026686106e-13, 9.34547903474e-13, 2.72523594403e-13, 1.15058526942e-12, 1.34207250348e-12, 8.15860454282e-13, 1.22378973275e-12, 6.67762123808e-13, 1.67401465953e-12, 1.05404628168e-12, 4.87631040148e-13, 1.12612772839e-12, 1.96377744795e-13, 3.41383632517e-13, 7.37715986389e-13, 9.65146474026e-13, 3.34777518207e-12, 3.64966520547e-12, 2.24431454324e-12, 2.6199997033e-12, 6.83983306191e-13, 2.71321647875e-13, 1.01360695011e-12, 4.36423168654e-13, 1.65426266435e-13, 6.61570136781e-14, 2.14639341457e-13, 1.62422890892e-13, 2.01019769949e-13, 1.72112839389e-13, 1.15524357116e-13, 1.12489404185e-13, 3.436879145e-13, 1.95752349877e-13, 7.47888892743e-14, 4.34428832968e-14, 4.92610170862e-14, 5.9105484721e-14, 3.50122186831e-14]
        stdev: [1.74158447663e-08, 9.97979725526e-08, 5.46000187285e-08, 3.1082379337e-07, 1.46693218994e-06, 1.0211750805e-06, 8.23500045044e-07, 1.35165805659e-06, 2.11383371607e-06, 8.71321617524e-07, 6.52151754821e-07, 7.96094639099e-08, 4.27745163734e-08, 1.11594268049e-07, 2.24815138949e-07, 8.81110935325e-08, 1.56226704462e-07, 1.16144562412e-07, 8.03716346809e-08, 5.06445552162e-08, 4.27280966164e-08, 5.46701919291e-08, 5.27291561525e-08, 1.88837248061e-08, 1.05531388073e-08, 3.38182033488e-08, 3.42055734848e-08, 1.32839668154e-08, 9.01904328998e-09, 1.04630082376e-08, 3.4689946915e-08, 9.97420599447e-08, 4.8192720925e-08, 1.22536960134e-07, 1.3481898975e-07, 4.89673297466e-08, 7.64769580996e-09, 3.24241411498e-09, 1.63047275681e-09, 4.9328024998e-10]
        var: [3.03311645802e-16, 9.95963531645e-15, 2.98116189226e-15, 9.6611425999e-14, 2.15189021116e-12, 1.0427985515e-12, 6.78152304277e-13, 1.82697953988e-12, 4.46829335685e-12, 7.59201404001e-13, 4.25301937765e-13, 6.33766652981e-15, 1.82965935222e-15, 1.24532799844e-14, 5.05418460989e-14, 7.76356518135e-15, 2.44067834248e-14, 1.34895595738e-14, 6.45959988719e-15, 2.56487082143e-15, 1.82569015583e-15, 2.98882986977e-15, 2.78036405002e-15, 3.56595073912e-16, 1.11368738938e-16, 1.14367097928e-15, 1.17002122136e-15, 1.76463763565e-16, 8.13431414935e-17, 1.09474548275e-16, 1.20339251954e-15, 9.94847819847e-15, 2.32253850687e-15, 1.50153056221e-14, 1.81761615307e-14, 2.39779929005e-15, 5.84872478136e-17, 1.05132488642e-17, 2.65844144269e-18, 2.43325387693e-19]
    melbands96:
        dmean: [9.43350619842e-10, 4.30671898144e-09, 2.08806056889e-08, 4.21318979704e-08, 2.13720596776e-08, 1.07268691707e-08, 1.97293683613e-08, 5.78602481482e-08, 1.30903757167e-07, 1.92304312918e-07, 1.85303974831e-07, 3.57642932158e-07, 2.86880521116e-07, 1.96875404868e-07, 4.57607256976e-07, 2.86901951085e-07, 5.75611636577e-07, 3.95210719262e-07, 1.50479664285e-07, 1.78321315047e-07, 1.09444634688e-07, 4.22600869854e-08, 1.05383097804e-08, 4.87787721326e-09, 8.6017895029e-09, 1.71592944298e-08, 2.38245370099e-08, 5.09789117586e-08, 2.83871486317e-08, 1.18945857608e-08, 1.80148234108e-08, 3.56048168726e-08, 3.31547553856e-08, 3.12424042193e-08, 1.65278368769e-08, 2.08877377617e-08, 1.95097999978e-08, 1.19470611182e-08, 1.30982256152e-08, 1.10316182855e-08, 1.487008916e-08, 1.48586138948e-08, 1.09426263606e-08, 1.08684163891e-08, 7.82841258484e-09, 3.77328479573e-09, 1.68960667679e-09, 2.13590523046e-09, 1.86139015312e-09, 6.44528519445e-09, 8.98375329683e-09, 4.07835365479e-09, 3.23055049378e-09, 1.33921351786e-09, 1.7427222998e-09, 3.34559446813e-09, 2.1101844716e-09, 2.25055596381e-09, 5.04249975108e-09, 8.60438120753e-09, 1.82149495487e-08, 1.57355266595e-08, 7.89374610122e-09, 1.19033485291e-08, 2.09131361117e-08, 1.79450605486e-08, 2.08206500929e-08, 1.26455876881e-08, 6.76125910815e-09, 2.18591367229e-09, 1.6223560273e-09, 1.12487064108e-09, 6.41983688432e-10, 4.73834582682e-10, 3.45825923453e-10, 1.87954304898e-10, 1.04699415804e-10, 7.44718592349e-11, 6.16356549132e-11, 5.71586701581e-11, 4.95544508206e-11, 5.48106282583e-11, 5.17637495367e-11, 3.90120609428e-11, 3.71741318284e-11, 3.39531111559e-11, 2.68884602084e-11, 2.50237278815e-11, 2.5866940534e-11, 2.49932262386e-11, 2.68400839748e-11, 2.37220503657e-11, 2.15329316877e-11, 2.69036615902e-11, 2.77389881898e-11, 1.56741633561e-11]
        dmean2: [1.66976832361e-09, 7.55883355907e-09, 3.45956117087e-08, 7.20628037243e-08, 3.7395455621e-08, 1.7398111396e-08, 2.74700138192e-08, 8.5587494425e-08, 1.77579664751e-07, 2.38933694163e-07, 2.84397373207e-07, 5.3805558764e-07, 4.62954858449e-07, 3.08701686436e-07, 6.88623060796e-07, 4.66419891154e-07, 8.52370362736e-07, 5.90626143548e-07, 2.20693024744e-07, 2.43989319415e-07, 1.8008724112e-07, 6.09929742268e-08, 1.50668739707e-08, 7.69518226917e-09, 1.30260424669e-08, 2.82201639834e-08, 3.88534751039e-08, 8.95574956417e-08, 4.57321327474e-08, 1.95072349385e-08, 3.15729700162e-08, 5.97868918817e-08, 5.44374216815e-08, 5.19798568632e-08, 2.5554292904e-08, 3.20302966372e-08, 3.18582991099e-08, 1.73566139239e-08, 2.01946264156e-08, 1.70712368686e-08, 2.33826433771e-08, 2.35780692748e-08, 1.72835132872e-08, 1.56175854471e-08, 1.20455290187e-08, 6.42563158237e-09, 2.59265497959e-09, 3.55947959996e-09, 2.96566837754e-09, 9.93544446715e-09, 1.33662405588e-08, 5.58652990534e-09, 4.06264000219e-09, 2.05974015621e-09, 2.8273705599e-09, 5.54534063113e-09, 3.46836381837e-09, 3.81526632509e-09, 7.34388549972e-09, 1.28159491908e-08, 3.05859444438e-08, 2.57683652194e-08, 1.19769971718e-08, 1.77648900035e-08, 3.01140410386e-08, 3.06550731466e-08, 2.82186292111e-08, 1.92119671283e-08, 1.08904165685e-08, 3.15344794721e-09, 2.28142194025e-09, 1.69465719235e-09, 9.45361788851e-10, 6.72433775328e-10, 5.30810229105e-10, 2.80291789778e-10, 1.67353131353e-10, 1.21776783102e-10, 9.68859645289e-11, 9.20588327791e-11, 7.98326890705e-11, 8.97290575175e-11, 8.75955558088e-11, 6.39947608794e-11, 5.70372360453e-11, 5.38117918281e-11, 4.31840084525e-11, 3.90680578166e-11, 4.04258813924e-11, 4.1154812197e-11, 4.40811623315e-11, 3.8429055077e-11, 3.29445463965e-11, 4.41967087927e-11, 4.48055967328e-11, 2.51369116494e-11]
