
lowlevel:
    average_loudness: 0.00422614207491
    barkbands_crest:
        dmean: 2.83292508125
        dmean2: 4.72594022751
        dvar: 5.00226593018
        dvar2: 13.8322343826
        max: 22.1303462982
        mean: 12.0826244354
        median: 11.7976522446
        min: 5.13826227188
        stdev: 3.80119466782
        var: 14.4490814209
    barkbands_flatness_db:
        dmean: 0.02419690229
        dmean2: 0.0402907915413
        dvar: 0.0005698048044
        dvar2: 0.00137981388252
        max: 0.306756973267
        mean: 0.128965899348
        median: 0.121777363122
        min: 0.0470310077071
        stdev: 0.0423260554671
        var: 0.0017914948985
    barkbands_kurtosis:
        dmean: 3.65756034851
        dmean2: 6.4036397934
        dvar: 20.7610435486
        dvar2: 52.2933044434
        max: 48.4206428528
        mean: 2.55346488953
        median: 0.512432098389
        min: -1.95993387699
        stdev: 6.29272794724
        var: 39.5984230042
    barkbands_skewness:
        dmean: 1.05544698238
        dmean2: 1.74259519577
        dvar: 0.790022432804
        dvar2: 1.95920884609
        max: 6.06212615967
        mean: -0.660441219807
        median: -1.01107609272
        min: -4.02499341965
        stdev: 1.87773561478
        var: 3.52589082718
    barkbands_spread:
        dmean: 21.191532135
        dmean2: 36.3363494873
        dvar: 328.366790771
        dvar2: 810.006835938
        max: 127.792137146
        mean: 53.7256202698
        median: 52.2909698486
        min: 4.71224403381
        stdev: 25.3208503723
        var: 641.145446777
    dissonance:
        dmean: 0.0111384978518
        dmean2: 0.0184014886618
        dvar: 0.000235201427131
        dvar2: 0.000507143093273
        max: 0.499489992857
        mean: 0.483158499002
        median: 0.487993985415
        min: 0.309201180935
        stdev: 0.0180090479553
        var: 0.000324325781548
    dynamic_complexity: 2.2265791893
    erbbands_crest:
        dmean: 1.58512747288
        dmean2: 2.72810268402
        dvar: 2.19843316078
        dvar2: 5.64381885529
        max: 15.5752267838
        mean: 7.88735866547
        median: 7.53771018982
        min: 2.25271010399
        stdev: 2.22273564339
        var: 4.940554142
    erbbands_flatness_db:
        dmean: 0.0213906373829
        dmean2: 0.0348389931023
        dvar: 0.000346203800291
        dvar2: 0.000756044930313
        max: 0.286745071411
        mean: 0.136827006936
        median: 0.136344522238
        min: 0.0326513759792
        stdev: 0.0391116626561
        var: 0.00152972212527
    erbbands_kurtosis:
        dmean: 5.84464836121
        dmean2: 9.38169670105
        dvar: 131.76184082
        dvar2: 337.028717041
        max: 162.137176514
        mean: 10.6027946472
        median: 8.5470123291
        min: -1.87768208981
        stdev: 12.2764024734
        var: 150.71005249
    erbbands_skewness:
        dmean: 0.723336160183
        dmean2: 1.17183494568
        dvar: 0.680993556976
        dvar2: 1.6136854887
        max: 3.00341105461
        mean: -2.70228004456
        median: -2.68872022629
        min: -10.9966430664
        stdev: 1.30618977547
        var: 1.7061316967
    erbbands_spread:
        dmean: 4.5285654068
        dmean2: 7.84828519821
        dvar: 44.480758667
        dvar2: 110.574577332
        max: 40.0884284973
        mean: 9.25347423553
        median: 5.99001216888
        min: 0.701527178288
        stdev: 8.77787780762
        var: 77.0511398315
    hfc:
        dmean: 0.553269684315
        dmean2: 0.864789962769
        dvar: 0.338009268045
        dvar2: 0.756254315376
        max: 8.1696395874
        mean: 2.22252655029
        median: 2.00618672371
        min: 8.0025108673e-07
        stdev: 1.33380639553
        var: 1.77903962135
    loudness_ebu128:
        integrated: -34.0394248962
        loudness_range: 1.84752655029
        momentary:
            dmean: 0.691585719585
            dmean2: 0.700542390347
            dvar: 0.688180267811
            dvar2: 0.540252149105
            max: -30.4283599854
            mean: -34.6858100891
            median: -34.7940254211
            min: -42.1098022461
            stdev: 2.45635008812
            var: 6.03365564346
        short_term:
            dmean: 0.0996946841478
            dmean2: 0.0923044681549
            dvar: 0.00590552296489
            dvar2: 0.011948402971
            max: -33.1005401611
            mean: -34.1617469788
            median: -34.0084190369
            min: -35.1921157837
            stdev: 0.656527996063
            var: 0.43102902174
    melbands_crest:
        dmean: 4.55914831161
        dmean2: 7.83577728271
        dvar: 14.5061826706
        dvar2: 40.7198600769
        max: 26.2085933685
        mean: 12.9677448273
        median: 12.1776428223
        min: 2.2946844101
        stdev: 5.02930259705
        var: 25.2938861847
    melbands_flatness_db:
        dmean: 0.0416875295341
        dmean2: 0.069983497262
        dvar: 0.00167438527569
        dvar2: 0.0039598965086
        max: 0.412619233131
        mean: 0.141891658306
        median: 0.114811643958
        min: 0.00532726710662
        stdev: 0.0752008929849
        var: 0.00565517414361
    melbands_kurtosis:
        dmean: 10.8137788773
        dmean2: 19.336725235
        dvar: 542.25378418
        dvar2: 1371.2532959
        max: 189.491241455
        mean: 10.5225687027
        median: -0.753559350967
        min: -1.93778717518
        stdev: 29.5786056519
        var: 874.893859863
    melbands_skewness:
        dmean: 1.42952680588
        dmean2: 2.39568400383
        dvar: 2.41365742683
        dvar2: 6.0128235817
        max: 11.273812294
        mean: 1.83494615555
        median: 0.894592046738
        min: -1.3729827404
        stdev: 2.6222243309
        var: 6.87606096268
    melbands_spread:
        dmean: 40.4579696655
        dmean2: 67.6464996338
        dvar: 1544.26489258
        dvar2: 3510.04174805
        max: 239.181152344
        mean: 132.032028198
        median: 156.772903442
        min: 2.30759143829
        stdev: 67.7931137085
        var: 4595.90673828
    pitch:
        dmean: 1427.79199219
        dmean2: 2789.99731445
        dvar: 4617374.5
        dvar2: 11036191
        max: 6211.66503906
        mean: 3181.45556641
        median: 3009.50268555
        min: 121.295845032
        stdev: 2558.79638672
        var: 6547439
    pitch_instantaneous_confidence:
        dmean: 0.0855805724859
        dmean2: 0.140723064542
        dvar: 0.00707863317803
        dvar2: 0.0161708574742
        max: 0.856188297272
        mean: 0.565848588943
        median: 0.572111487389
        min: 0.0840608477592
        stdev: 0.165340468287
        var: 0.0273374728858
    pitch_salience:
        dmean: 0.0879487395287
        dmean2: 0.150173828006
        dvar: 0.00510142510757
        dvar2: 0.0130430459976
        max: 0.821872830391
        mean: 0.567453384399
        median: 0.584352016449
        min: 0.261172235012
        stdev: 0.109410554171
        var: 0.0119706699625
    silence_rate_20dB:
        dmean: 0
        dmean2: 0
        dvar: 0
        dvar2: 0
        max: 1
        mean: 1
        median: 1
        min: 1
        stdev: 0
        var: 0
    silence_rate_30dB:
        dmean: 0
        dmean2: 0
        dvar: 0
        dvar2: 0
        max: 1
        mean: 1
        median: 1
        min: 1
        stdev: 0
        var: 0
    silence_rate_60dB:
        dmean: 0.0522388070822
        dmean2: 0.104868911207
        dvar: 0.0495098829269
        dvar2: 0.108852788806
        max: 1
        mean: 0.933085501194
        median: 1
        min: 0
        stdev: 0.249873846769
        var: 0.0624369382858
    sound_start_frame: 7
    sound_stop_frame: 268
    spectral_centroid:
        dmean: 854.56237793
        dmean2: 1394.68322754
        dvar: 770797.4375
        dvar2: 1772244.375
        max: 10953.8916016
        mean: 3721.46069336
        median: 4193.85986328
        min: 186.118408203
        stdev: 1711.02258301
        var: 2927598.25
    spectral_complexity:
        dmean: 0.425373136997
        dmean2: 0.808988749981
        dvar: 0.430996805429
        dvar2: 0.94104295969
        max: 5
        mean: 0.687732338905
        median: 0
        min: 0
        stdev: 1.00142860413
        var: 1.00285935402
    spectral_crest:
        dmean: 2.83292508125
        dmean2: 4.72594022751
        dvar: 5.00226593018
        dvar2: 13.8322343826
        max: 22.1303462982
        mean: 12.0826244354
        median: 11.7976522446
        min: 5.13826227188
        stdev: 3.80119466782
        var: 14.4490814209
    spectral_decrease:
        dmean: 1.87488344294e-10
        dmean2: 3.43274492165e-10
        dvar: 2.46625657391e-19
        dvar2: 7.10796920752e-19
        max: -4.56377671027e-19
        mean: -2.40577474608e-10
        median: -8.8380698593e-11
        min: -4.48347625692e-09
        stdev: 5.23935506092e-10
        var: 2.74508390726e-19
    spectral_energy:
        dmean: 0.000738544971682
        dmean2: 0.00133909878787
        dvar: 3.5726900478e-06
        dvar2: 1.03119882624e-05
        max: 0.0172121282667
        mean: 0.00110958353616
        median: 0.000548417388927
        min: 1.90324866978e-10
        stdev: 0.0020055747591
        var: 4.02233035857e-06
    spectral_energyband_high:
        dmean: 8.80704101291e-05
        dmean2: 0.000134686182719
        dvar: 9.20205334154e-09
        dvar2: 2.04333368004e-08
        max: 0.00137111882214
        mean: 0.000340759113897
        median: 0.00030277876067
        min: 3.94755096667e-11
        stdev: 0.000221092064749
        var: 4.88816986888e-08
    spectral_energyband_low:
        dmean: 0.000544843380339
        dmean2: 0.000967409519944
        dvar: 1.80499500857e-06
        dvar2: 4.75443857795e-06
        max: 0.0126564288512
        mean: 0.00056156469509
        median: 7.0948699431e-05
        min: 3.02103871433e-12
        stdev: 0.0014629678335
        var: 2.14027500078e-06
    spectral_energyband_middle_high:
        dmean: 1.27691400849e-05
        dmean2: 2.05522355827e-05
        dvar: 3.95407345755e-10
        dvar2: 8.88532469823e-10
        max: 0.000168648606632
        mean: 3.96212562919e-05
        median: 3.13192540489e-05
        min: 1.78360867742e-11
        stdev: 3.01134077745e-05
        var: 9.06817343438e-10
    spectral_energyband_middle_low:
        dmean: 0.000244671391556
        dmean2: 0.000466982339276
        dvar: 8.50693538723e-07
        dvar2: 2.72518195743e-06
        max: 0.00964374374598
        mean: 0.000215969150304
        median: 3.03864180751e-05
        min: 8.5060430921e-12
        stdev: 0.000798086693976
        var: 6.3694238861e-07
    spectral_entropy:
        dmean: 0.21232047677
        dmean2: 0.354036331177
        dvar: 0.0683861970901
        dvar2: 0.159856125712
        max: 9.81907844543
        mean: 8.22124576569
        median: 8.28841972351
        min: 6.16963815689
        stdev: 0.487953990698
        var: 0.238099083304
    spectral_flatness_db:
        dmean: 0.02419690229
        dmean2: 0.0402907915413
        dvar: 0.0005698048044
        dvar2: 0.00137981388252
        max: 0.306756973267
        mean: 0.128965899348
        median: 0.121777363122
        min: 0.0470310077071
        stdev: 0.0423260554671
        var: 0.0017914948985
    spectral_flux:
        dmean: 0.00656587304547
        dmean2: 0.0112188346684
        dvar: 0.000113648296974
        dvar2: 0.000246261537541
        max: 0.0937073156238
        mean: 0.0188443623483
        median: 0.0136480713263
        min: 1.37958277264e-05
        stdev: 0.0148858949542
        var: 0.000221589871217
    spectral_kurtosis:
        dmean: 0.565482020378
        dmean2: 0.938156962395
        dvar: 0.638759195805
        dvar2: 1.63577210903
        max: 12.061340332
        mean: 3.51804089546
        median: 3.33717346191
        min: -1.55837309361
        stdev: 1.5278840065
        var: 2.33442950249
    spectral_rms:
        dmean: 0.000243177666562
        dmean2: 0.000413488189224
        dvar: 1.60024114848e-07
        dvar2: 4.23706239872e-07
        max: 0.0040978435427
        mean: 0.000875630008522
        median: 0.000731465232093
        min: 4.30909267379e-07
        stdev: 0.000561954686418
        var: 3.1579310189e-07
    spectral_rolloff:
        dmean: 853.614501953
        dmean2: 1555.87487793
        dvar: 3092689.75
        dvar2: 7442761.5
        max: 19056.8847656
        mean: 5839.26074219
        median: 6244.62890625
        min: 129.19921875
        stdev: 2639.00292969
        var: 6964336.5
    spectral_skewness:
        dmean: 0.122625909746
        dmean2: 0.20337446034
        dvar: 0.0264507159591
        dvar2: 0.0643993914127
        max: 3.0532271862
        mean: 1.41355788708
        median: 1.38891017437
        min: -0.144113317132
        stdev: 0.325449585915
        var: 0.105917431414
    spectral_spread:
        dmean: 1252055.375
        dmean2: 1936102.5
        dvar: 4.83344410214e+12
        dvar2: 8.65152217907e+12
        max: 61616372
        mean: 15711458
        median: 15032343
        min: 9062631
        stdev: 5879792.5
        var: 3.45719596646e+13
    spectral_strongpeak:
        dmean: 0.872985959053
        dmean2: 1.49424552917
        dvar: 1.21506464481
        dvar2: 3.16798067093
        max: 5.90842962265
        mean: 1.32607841492
        median: 0.959063649178
        min: 0
        stdev: 1.47174823284
        var: 2.16604280472
    zerocrossingrate:
        dmean: 0.019416468218
        dmean2: 0.0227078218013
        dvar: 0.000432952307165
        dvar2: 0.000505421252456
        max: 0.3154296875
        mean: 0.195434123278
        median: 0.21630859375
        min: 0.0048828125
        stdev: 0.060169365257
        var: 0.00362035236321
    barkbands:
        dmean: [1.65258679772e-05, 0.000311813695589, 0.000233490514802, 0.000102649799373, 0.000123931284179, 2.83842928184e-05, 7.24222218196e-06, 3.70569341612e-06, 1.80828772045e-06, 1.47118350924e-06, 1.26765132791e-06, 1.49099491864e-06, 1.20602771858e-06, 9.91690285446e-07, 1.16659521154e-06, 1.50795540321e-06, 1.69354279933e-06, 3.7442350731e-06, 4.47763886768e-06, 1.4407355593e-05, 8.53680739965e-06, 7.70194237703e-05, 2.00124686671e-05, 5.43696296518e-06, 3.83725421216e-07, 2.81854539708e-07, 1.08428331203e-07]
        dmean2: [2.70010532404e-05, 0.000561245309655, 0.000402040081099, 0.000194073829334, 0.000235085462919, 5.44822541997e-05, 1.27794419313e-05, 5.97517282586e-06, 3.17330795951e-06, 2.51704591392e-06, 2.12970780922e-06, 2.55430427387e-06, 2.14211740968e-06, 1.70407554378e-06, 1.97464851226e-06, 2.61624791165e-06, 2.87951729661e-06, 6.01626925345e-06, 7.64977630752e-06, 2.55495415331e-05, 1.35671070893e-05, 0.000117050447443, 3.30137554556e-05, 9.18037949305e-06, 6.08981622463e-07, 4.3839233399e-07, 1.60066662147e-07]
        dvar: [1.17328524674e-09, 4.514309353e-07, 4.75592543125e-07, 1.1616905482e-07, 3.4740773458e-07, 2.50595046936e-08, 4.20854712191e-10, 9.55633905342e-11, 9.64015239163e-12, 3.42322047445e-12, 2.16064557738e-12, 4.03908547233e-12, 3.23074336381e-12, 4.97896732524e-12, 4.72696491324e-12, 1.68681180135e-11, 6.7413405587e-12, 7.25336943286e-11, 7.79700679021e-11, 1.64522206969e-09, 8.14034534224e-11, 7.74313235752e-09, 6.69173938483e-10, 7.29351301576e-11, 6.89961054869e-13, 3.20598745034e-13, 1.78304094579e-13]
        dvar2: [2.86455881238e-09, 1.26846282456e-06, 1.20368281387e-06, 3.40444898939e-07, 1.15573163839e-06, 7.4554833418e-08, 1.1853712456e-09, 2.36533015396e-10, 2.62252962402e-11, 9.58309126498e-12, 5.21169435733e-12, 1.26341775583e-11, 9.91021761182e-12, 1.33412525818e-11, 1.11322799937e-11, 4.62392173162e-11, 1.84237833323e-11, 1.49095069624e-10, 2.17950033021e-10, 4.93123497591e-09, 2.0895654651e-10, 1.70851208736e-08, 1.51170853613e-09, 1.81981360536e-10, 1.51355176222e-12, 7.94561302603e-13, 3.8895555071e-13]
        max: [0.000331704650307, 0.00483648385853, 0.0073767574504, 0.00289000687189, 0.00658846087754, 0.00183064443991, 0.000163358359714, 0.000101916601125, 2.30454170378e-05, 1.29145755636e-05, 1.60002127814e-05, 2.08011733775e-05, 1.86258585018e-05, 3.14237004204e-05, 2.67102932412e-05, 3.83966871595e-05, 2.47844436672e-05, 9.51291731326e-05, 7.66146404203e-05, 0.000509357254487, 8.57716950122e-05, 0.00115789577831, 0.000301066844258, 7.7697528468e-05, 9.60423858487e-06, 7.21812375559e-06, 5.54878351977e-06]
        mean: [1.78620011866e-05, 0.000288222130621, 0.000208261262742, 8.27334151836e-05, 9.74316644715e-05, 1.99017958948e-05, 8.17275213194e-06, 4.35816309619e-06, 2.58710997514e-06, 2.35238485402e-06, 2.06315689866e-06, 2.76574519376e-06, 2.12483428186e-06, 1.87778391592e-06, 2.17874298869e-06, 2.29690203923e-06, 3.18340926242e-06, 6.57404143567e-06, 7.68252448324e-06, 2.50072116614e-05, 2.28184162552e-05, 0.000225683106692, 5.94757766521e-05, 1.18255084089e-05, 9.80061372502e-07, 7.98027770088e-07, 3.00553722354e-07]
        median: [4.14613259636e-06, 4.77403336845e-05, 1.25343067339e-05, 5.47065019418e-06, 8.56739916344e-06, 2.43055342253e-06, 2.75124762084e-06, 1.54127599217e-06, 1.62801563874e-06, 1.74438901013e-06, 1.61203297466e-06, 1.93074833987e-06, 1.68054066307e-06, 1.37986876325e-06, 1.57083900376e-06, 1.55935435942e-06, 2.15562022277e-06, 2.76740775007e-06, 5.03141927766e-06, 1.52024613271e-05, 2.14188276004e-05, 0.00016198407684, 4.23378733103e-05, 6.23772712061e-06, 7.58596797823e-07, 5.82604343435e-07, 1.95951315618e-07]
        min: [3.14436736197e-12, 7.52719392892e-13, 4.65864001022e-13, 1.77860395682e-12, 1.93749259258e-13, 1.18200154525e-12, 6.0292016605e-13, 1.28638928936e-12, 2.09035566634e-12, 3.30063071059e-13, 6.18473479895e-13, 1.55852880514e-12, 2.04574291535e-12, 2.02170311742e-12, 1.33951682212e-12, 1.07187403484e-12, 4.66260580492e-12, 2.90368011753e-12, 1.15226502385e-12, 1.37387800789e-12, 1.48660402564e-12, 8.90489234e-13, 8.49616329981e-13, 1.88236383945e-12, 3.41905345182e-12, 1.38324672896e-11, 1.6594867841e-11]
        stdev: [3.83347614843e-05, 0.000694819027558, 0.000699724885635, 0.000283826811938, 0.000490875332616, 0.000119881602586, 1.86886227311e-05, 1.05770277514e-05, 3.14403837365e-06, 2.17351316678e-06, 1.88525211797e-06, 2.7229295938e-06, 2.01004695555e-06, 2.34175877267e-06, 2.55843042396e-06, 3.59715568266e-06, 3.38312452186e-06, 1.13064106699e-05, 9.57408610702e-06, 4.03955709771e-05, 1.41533955684e-05, 0.000183613912668, 5.22864647792e-05, 1.33824314617e-05, 1.11616191134e-06, 8.49245509471e-07, 5.7307664747e-07]
        var: [1.46955392299e-09, 4.82773486965e-07, 4.89614933485e-07, 8.05576547691e-08, 2.40958598852e-07, 1.4371599022e-08, 3.49264617228e-10, 1.11873524333e-10, 9.88497738524e-12, 4.72415986538e-12, 3.55417561701e-12, 7.41434604684e-12, 4.04028893675e-12, 5.48383387311e-12, 6.54556660609e-12, 1.29395287887e-11, 1.14455311548e-11, 1.27834923203e-10, 9.16631284764e-11, 1.63180224888e-09, 2.00318608923e-10, 3.37140697582e-08, 2.73387446015e-09, 1.79089479357e-10, 1.24581735986e-12, 7.21217898771e-13, 3.2841681848e-13]
    erbbands:
        dmean: [0.00123133393936, 0.128182947636, 0.320298612118, 0.391325384378, 0.207940861583, 0.112508133054, 0.0452508442104, 0.0457989126444, 0.0507767684758, 0.0526186563075, 0.0487716905773, 0.0767770931125, 0.135667100549, 0.216819435358, 0.797288119793, 1.15813553333, 1.49950146675, 0.222794085741]
        dmean2: [0.00205133971758, 0.233671829104, 0.581813275814, 0.730645656586, 0.400005757809, 0.185917973518, 0.0791968330741, 0.0780298560858, 0.0883231982589, 0.0928047150373, 0.0829180553555, 0.133727610111, 0.219315841794, 0.361293137074, 1.37633609772, 1.84941935539, 2.41078448296, 0.37422183156]
        dvar: [6.73860540701e-06, 0.0905449837446, 1.01471042633, 4.99669790268, 1.15462958813, 0.0683771669865, 0.0129610365257, 0.00324402097613, 0.00451671471819, 0.00653259269893, 0.00527479080483, 0.044039092958, 0.0527136623859, 0.172498613596, 6.11027479172, 1.35545444489, 2.79116559029, 0.123023316264]
        dvar2: [1.71820756805e-05, 0.253706693649, 2.91777729988, 15.6512537003, 3.48402738571, 0.179227516055, 0.0385461784899, 0.00922704488039, 0.0123301194981, 0.0203189216554, 0.0120057165623, 0.119918882847, 0.12235571444, 0.457847297192, 18.2062015533, 3.21967816353, 6.46441841125, 0.309632301331]
        max: [0.0265518222004, 2.34066915512, 7.7506403923, 27.2106971741, 11.9753894806, 2.43633699417, 1.22841966152, 0.391869723797, 0.769511818886, 0.837927758694, 0.719258725643, 2.15278744698, 2.2304546833, 3.48760843277, 32.0071258545, 12.0473632812, 16.370513916, 3.33291530609]
        mean: [0.00138238165528, 0.114474982023, 0.282783776522, 0.303305089474, 0.151895016432, 0.140471085906, 0.0583751127124, 0.0740160569549, 0.0970263257623, 0.0988959595561, 0.0994905382395, 0.129010483623, 0.25739172101, 0.389632821083, 1.37993597984, 3.30361199379, 4.4466881752, 0.558911561966]
        median: [0.000258492218563, 0.0130495009944, 0.0199193339795, 0.0281551945955, 0.0197293236852, 0.0430545061827, 0.0374066457152, 0.0532803982496, 0.0769741311669, 0.07579318434, 0.0774470567703, 0.0874275714159, 0.146261259913, 0.246810987592, 0.839441180229, 2.59679675102, 3.35536074638, 0.300221920013]
        min: [1.68088060831e-11, 3.0849323096e-10, 4.46478942706e-09, 8.62640070487e-10, 8.97789576015e-09, 1.82009483041e-08, 4.15776035823e-08, 1.14383462702e-08, 4.58074467247e-08, 9.41885431871e-08, 9.25489516135e-08, 9.20576610497e-08, 1.62390719538e-07, 5.90411310952e-08, 7.93443106772e-08, 5.88676449809e-08, 3.13655590389e-08, 2.79889142973e-08]
        stdev: [0.00315756676719, 0.296268075705, 0.916730463505, 1.76946675777, 0.818083286285, 0.293486773968, 0.0919094607234, 0.0683627650142, 0.0861611142755, 0.0926810875535, 0.0970417410135, 0.188693612814, 0.320710420609, 0.478077352047, 2.33265948296, 2.38220357895, 3.32867288589, 0.596237778664]
        var: [9.97022834781e-06, 0.0877747684717, 0.840394794941, 3.13101267815, 0.669260263443, 0.0861344859004, 0.0084473490715, 0.00467346748337, 0.00742373801768, 0.00858978368342, 0.00941709987819, 0.0356052778661, 0.102855183184, 0.228557959199, 5.44130039215, 5.67489385605, 11.0800638199, 0.355499476194]
    gfcc:
        mean: [-102.02570343, -61.8639183044, 2.59182929993, -20.3781356812, -13.1677341461, -4.15344429016, -20.9422836304, -1.62875378132, -15.924243927, -2.37348890305, -13.3269042969, -2.7694542408, -6.20686674118]
        cov: [[6327.27734375, 288.996276855, 366.77722168, -57.9796066284, -147.346923828, -108.265792847, -168.107421875, -29.4757041931, -90.5183258057, 68.7263259888, -51.9161834717, 19.7994174957, 15.3585109711], [288.996276855, 442.990905762, 190.545959473, 76.855255127, -7.92461633682, -96.6165084839, -45.2466888428, -34.0140342712, -30.8531284332, 8.10747337341, -11.8521080017, -0.648231387138, 5.96646928787], [366.77722168, 190.545959473, 192.904953003, 56.9026298523, 33.8449897766, -29.928894043, -44.3996620178, -21.1682186127, -25.9817066193, -1.51909410954, -6.12372350693, -1.88532495499, 2.55468440056], [-57.9796066284, 76.855255127, 56.9026298523, 138.264266968, 17.8163547516, 7.11478614807, -6.33555173874, -27.9123649597, -6.23141241074, -8.0374546051, -16.6134929657, 2.1906850338, -6.17191982269], [-147.346923828, -7.92461633682, 33.8449897766, 17.8163547516, 112.993438721, 27.6899642944, 2.71020579338, 7.37440490723, -13.8827228546, -2.43404698372, -5.31302118301, -13.7334699631, 0.442518264055], [-108.265792847, -96.6165084839, -29.928894043, 7.11478614807, 27.6899642944, 69.6373596191, 20.604309082, 19.064037323, 5.97094774246, -12.2437410355, -5.03978013992, -4.00114965439, -9.99948692322], [-168.107421875, -45.2466888428, -44.3996620178, -6.33555173874, 2.71020579338, 20.604309082, 68.0161514282, 18.6376171112, 17.6136054993, -4.6046538353, -11.6865320206, -3.1696369648, 7.56488037109], [-29.4757041931, -34.0140342712, -21.1682186127, -27.9123649597, 7.37440490723, 19.064037323, 18.6376171112, 55.7963600159, 11.9134311676, 4.83336639404, 0.651276051998, 2.70619130135, 0.659223198891], [-90.5183258057, -30.8531284332, -25.9817066193, -6.23141241074, -13.8827228546, 5.97094774246, 17.6136054993, 11.9134311676, 40.9829673767, 5.84354734421, -1.24866461754, -1.30426418781, -2.6418838501], [68.7263259888, 8.10747337341, -1.51909410954, -8.0374546051, -2.43404698372, -12.2437410355, -4.6046538353, 4.83336639404, 5.84354734421, 32.116809845, 6.87160301208, 5.50970840454, -2.3565196991], [-51.9161834717, -11.8521080017, -6.12372350693, -16.6134929657, -5.31302118301, -5.03978013992, -11.6865320206, 0.651276051998, -1.24866461754, 6.87160301208, 37.6888694763, 9.17794895172, 2.85532307625], [19.7994174957, -0.648231387138, -1.88532495499, 2.1906850338, -13.7334699631, -4.00114965439, -3.1696369648, 2.70619130135, -1.30426418781, 5.50970840454, 9.17794895172, 32.837890625, 3.62985992432], [15.3585109711, 5.96646928787, 2.55468440056, -6.17191982269, 0.442518264055, -9.99948692322, 7.56488037109, 0.659223198891, -2.6418838501, -2.3565196991, 2.85532307625, 3.62985992432, 30.3499240875]]
        icov: [[0.000230323814321, 0.000136119342642, -0.000644639250822, 0.000273086159723, 0.000592465396039, -0.000228252727538, 0.000300879852148, -4.7649435146e-05, 0.00047260071733, -0.000741436553653, 0.000683918653522, 4.42080563516e-05, -0.000277381041087], [0.000136119342642, 0.00621807342395, -0.00507070031017, -0.00203238171525, 0.00120473711286, 0.00738786766306, -0.00131996057462, -0.00181862164754, 0.0020794053562, -0.000268191099167, 0.000964883132838, 0.00100858462974, 0.00145605870057], [-0.000644639250822, -0.00507070031017, 0.0137606142089, -0.00220011430793, -0.0050311605446, -0.00101890915539, 0.00472913589329, 0.000144735851791, -0.00105846032966, 0.00305056711659, -0.000911628711037, -0.000701285956893, -0.00141252635513], [0.000273086159723, -0.00203238171525, -0.00220011430793, 0.0115449177101, -0.000386308471207, -0.00585243524984, -0.000145444704685, 0.00644029350951, -0.00152869115118, -0.000500312191434, 0.00439176475629, -0.0037953609135, 0.000636912009213], [0.000592465396039, 0.00120473711286, -0.0050311605446, -0.000386308471207, 0.0143482945859, -0.00611888198182, -0.000438338902313, -0.00183598801959, 0.00627520075068, -0.00559716438875, 0.00132137374021, 0.00591701036319, -0.00298813753761], [-0.000228252727538, 0.00738786766306, -0.00101890915539, -0.00585243524984, -0.00611888198182, 0.034563601017, -0.00543682882562, -0.00933491997421, 0.00051624752814, 0.0115674827248, -0.00140519544948, -0.000309281691443, 0.0117059573531], [0.000300879852148, -0.00131996057462, 0.00472913589329, -0.000145444704685, -0.000438338902313, -0.00543682882562, 0.0245285350829, -0.00385057670064, -0.00657676393166, 0.000617942016106, 0.00787723623216, 0.000390714791138, -0.00944787822664], [-4.7649435146e-05, -0.00181862164754, 0.000144735851791, 0.00644029350951, -0.00183598801959, -0.00933491997421, -0.00385057670064, 0.026529090479, -0.00526090245694, -0.00464240182191, 0.000918984180316, -0.00442811148241, -0.00136141257826], [0.00047260071733, 0.0020794053562, -0.00105846032966, -0.00152869115118, 0.00627520075068, 0.00051624752814, -0.00657676393166, -0.00526090245694, 0.0340503230691, -0.00839963089675, 0.000821503053885, 0.0045219110325, 0.00265612942167], [-0.000741436553653, -0.000268191099167, 0.00305056711659, -0.000500312191434, -0.00559716438875, 0.0115674827248, 0.000617942016106, -0.00464240182191, -0.00839963089675, 0.042218696326, -0.00685968017206, -0.00620596902445, 0.0078434990719], [0.000683918653522, 0.000964883132838, -0.000911628711037, 0.00439176475629, 0.00132137374021, -0.00140519544948, 0.00787723623216, 0.000918984180316, 0.000821503053885, -0.00685968017206, 0.0355607755482, -0.00788693595678, -0.00489497743547], [4.42080563516e-05, 0.00100858462974, -0.000701285956893, -0.0037953609135, 0.00591701036319, -0.000309281691443, 0.000390714791138, -0.00442811148241, 0.0045219110325, -0.00620596902445, -0.00788693595678, 0.0374708212912, -0.00495057599619], [-0.000277381041087, 0.00145605870057, -0.00141252635513, 0.000636912009213, -0.00298813753761, 0.0117059573531, -0.00944787822664, -0.00136141257826, 0.00265612942167, 0.0078434990719, -0.00489497743547, -0.00495057599619, 0.0412292554975]]
    melbands:
        dmean: [7.7601223893e-05, 0.000112682013423, 5.5745960708e-05, 2.67139712378e-05, 1.46601469169e-05, 4.38031383965e-06, 1.578276283e-06, 1.15009675028e-06, 4.69955125482e-07, 2.61857167061e-07, 2.3797429094e-07, 1.58738615141e-07, 1.70933788013e-07, 1.69621387158e-07, 1.52572766865e-07, 1.14391966122e-07, 1.0195920197e-07, 7.84585552083e-08, 9.5480913842e-08, 1.07076374434e-07, 9.54929575414e-08, 1.05345783652e-07, 1.28748581574e-07, 2.06565943017e-07, 2.47203729487e-07, 1.48765749941e-07, 2.24719187258e-07, 5.87389024531e-07, 3.53193343017e-07, 2.11795722294e-07, 5.26898418229e-07, 2.33340551858e-06, 1.64596747254e-06, 8.40822508508e-07, 2.86947170025e-07, 1.82501977974e-07, 1.08869279813e-07, 1.56545638674e-08, 3.63101415601e-09, 2.82924617068e-09]
        dmean2: [0.000140001968248, 0.000196169159608, 9.96469680103e-05, 5.04844465468e-05, 2.82297187368e-05, 8.43411908136e-06, 2.86972908725e-06, 1.80862912202e-06, 8.02099577868e-07, 4.61448422584e-07, 4.12187006305e-07, 2.60528054241e-07, 2.93346801072e-07, 2.89042077384e-07, 2.68749005272e-07, 1.97844698846e-07, 1.75682231429e-07, 1.34617053504e-07, 1.5642635276e-07, 1.87102827454e-07, 1.65892473092e-07, 1.79102485731e-07, 2.20287631691e-07, 3.249703866e-07, 4.20459343786e-07, 2.43099179897e-07, 4.0094198539e-07, 1.03780678273e-06, 5.88573016103e-07, 3.37219290714e-07, 8.68063523285e-07, 3.60868966709e-06, 2.43373870035e-06, 1.39197015869e-06, 4.71092761245e-07, 2.88449683694e-07, 1.82887873734e-07, 2.63344759333e-08, 5.93081939115e-09, 4.78156891859e-09]
        dvar: [2.66687401052e-08, 8.27446200447e-08, 2.91638606598e-08, 1.24581323035e-08, 1.0218469626e-08, 4.8358533844e-10, 2.84320986893e-11, 5.61852257427e-12, 2.14758267593e-12, 1.92742889249e-13, 1.24220878267e-13, 4.27226477936e-14, 4.28598027566e-14, 4.40617120155e-14, 6.06800241022e-14, 2.86918553423e-14, 7.60981176077e-14, 1.04131655555e-14, 3.23469820807e-14, 8.37913383968e-14, 5.94050023474e-14, 3.20873800349e-14, 4.58573913705e-14, 2.96353192637e-13, 2.86739111188e-13, 8.3701952704e-14, 3.54268182715e-13, 3.69716106688e-12, 4.57367542277e-13, 7.26157076635e-14, 2.54513071859e-13, 9.61934872035e-12, 3.49160002126e-12, 1.03679109568e-12, 1.2292380655e-13, 6.63840320604e-14, 3.23551339258e-14, 4.96798058454e-16, 1.49505259188e-16, 9.72857573987e-17]
        dvar2: [7.2849893229e-08, 2.22474966449e-07, 8.29122797086e-08, 4.14806216043e-08, 3.12744177222e-08, 1.44191469875e-09, 8.21363671522e-11, 1.37010541801e-11, 6.27944007556e-12, 5.16513860762e-13, 3.4538233276e-13, 1.141827789e-13, 1.14914276554e-13, 1.26136880346e-13, 1.99523543846e-13, 8.58835368816e-14, 2.08125454804e-13, 2.41052837413e-14, 7.65683699712e-14, 2.26802639712e-13, 1.63203923032e-13, 8.94773350465e-14, 1.18202444902e-13, 6.25302002018e-13, 7.8735293025e-13, 2.15164095308e-13, 1.01049084465e-12, 1.09757983952e-11, 1.29673312019e-12, 2.05176858576e-13, 6.71003020942e-13, 2.11184316562e-11, 7.55901070904e-12, 2.43916475559e-12, 2.93205970571e-13, 1.85452239503e-13, 7.70362709713e-14, 1.20316784405e-15, 3.7532972217e-16, 2.51187117582e-16]
        max: [0.00124640669674, 0.0028439371381, 0.00126280344557, 0.00118582847062, 0.0011998458067, 0.000242733454797, 4.63012765977e-05, 2.00800750463e-05, 1.63532604347e-05, 3.57691646968e-06, 2.93430480269e-06, 2.73108730653e-06, 1.89579554899e-06, 2.17728870666e-06, 2.45189949055e-06, 1.80555241514e-06, 3.71209353034e-06, 1.018942271e-06, 2.02754813472e-06, 3.08392463921e-06, 2.44283137363e-06, 1.73598652964e-06, 2.3613540634e-06, 6.82240897731e-06, 4.65377388537e-06, 2.90057755592e-06, 5.85228917771e-06, 2.51489764196e-05, 7.85207066656e-06, 3.06149740936e-06, 5.51704169993e-06, 4.12931913161e-05, 1.89238580788e-05, 1.06984907688e-05, 3.92418905903e-06, 2.44973216468e-06, 1.84654948043e-06, 2.213944299e-07, 1.43581630141e-07, 1.21059031244e-07]
        mean: [7.52322375774e-05, 0.000105763676402, 5.06718024553e-05, 2.24584455282e-05, 9.56359872362e-06, 3.25667565448e-06, 1.61021171152e-06, 1.45909029925e-06, 5.41247345609e-07, 3.71775797703e-07, 3.59098635272e-07, 3.09040075308e-07, 2.90522706337e-07, 3.15013437557e-07, 2.63601918959e-07, 2.02464349286e-07, 1.79235286168e-07, 1.52434736833e-07, 1.70973294189e-07, 1.57008670953e-07, 1.56257783601e-07, 1.83456648983e-07, 2.26664880643e-07, 3.36523868327e-07, 3.71202787619e-07, 2.5849212193e-07, 3.78719079208e-07, 9.47343721691e-07, 6.617704571e-07, 4.74876600265e-07, 1.32681111609e-06, 5.32188278157e-06, 4.19827392761e-06, 2.0657666937e-06, 6.89422449796e-07, 4.31770786236e-07, 2.34495487916e-07, 3.55563756216e-08, 6.71178490563e-09, 4.94732343981e-09]
        median: [1.39204448715e-05, 1.01009618447e-05, 3.39885036738e-06, 1.94815856958e-06, 9.06312152438e-07, 4.59346750858e-07, 5.29668170657e-07, 4.57962670453e-07, 2.79486442878e-07, 2.27936169495e-07, 2.47845662216e-07, 2.51902349646e-07, 2.27086800919e-07, 2.2289879098e-07, 2.10090547625e-07, 1.54357607585e-07, 1.31816236149e-07, 1.22349050002e-07, 1.1891864915e-07, 1.08791986975e-07, 1.00031428474e-07, 1.20969758655e-07, 1.28834869884e-07, 1.36295312814e-07, 1.73177625129e-07, 1.66305156313e-07, 2.24269456339e-07, 5.24681865954e-07, 4.4191895654e-07, 3.89171873394e-07, 1.09560426154e-06, 3.44243653672e-06, 2.94639039566e-06, 1.38969744512e-06, 5.28249870513e-07, 2.53976509157e-07, 1.21847079981e-07, 2.07268833208e-08, 4.478538429e-09, 2.8991606893e-09]
        min: [3.34144495927e-13, 2.99959330378e-13, 5.97204740087e-13, 1.03838114593e-13, 1.28129738807e-13, 2.05873973468e-13, 8.26035136017e-14, 3.18793819468e-13, 2.04036277891e-13, 2.98125022932e-13, 1.21413350294e-13, 3.73096058172e-14, 9.94729675691e-14, 1.74352177661e-13, 1.38619015355e-13, 2.36980167477e-13, 1.65002302728e-13, 1.55136008748e-13, 8.28924941383e-14, 3.85409071194e-14, 1.99108118231e-13, 2.94750660511e-13, 1.37546576776e-13, 1.48010930227e-13, 5.69725473396e-14, 4.16367956009e-14, 2.65529023329e-14, 5.2065810837e-14, 4.2348028838e-14, 3.0853002309e-14, 3.91068098315e-14, 1.1922333475e-14, 2.22553891955e-14, 1.59433742115e-14, 1.33937279602e-14, 1.38354166787e-14, 1.87248525333e-14, 2.35309090057e-14, 1.78890647955e-14, 1.17751174547e-14]
        stdev: [0.000177738125785, 0.000297047081403, 0.000164149707416, 9.91147608147e-05, 7.431890117e-05, 1.6921234419e-05, 4.3432437451e-06, 2.88077353616e-06, 1.20809079363e-06, 4.60339663277e-07, 3.7932198893e-07, 2.72435983106e-07, 2.520841349e-07, 3.03861440898e-07, 2.63976147608e-07, 1.95792580371e-07, 2.5834182793e-07, 1.43023697774e-07, 2.10589391259e-07, 2.54801818755e-07, 2.25201674198e-07, 2.08634432397e-07, 2.8598756785e-07, 6.97213351941e-07, 5.74160651468e-07, 3.28613197098e-07, 6.27630470262e-07, 1.80496510893e-06, 7.45302486393e-07, 3.52191932507e-07, 9.78614252745e-07, 5.70904239794e-06, 3.449748192e-06, 1.90515550003e-06, 5.59670866096e-07, 4.47975253337e-07, 2.84040538645e-07, 3.85630727351e-08, 1.27969856933e-08, 1.00006696258e-08]
        var: [3.15908437187e-08, 8.82369732835e-08, 2.69451270185e-08, 9.82373649094e-09, 5.52329870729e-09, 2.8632815563e-10, 1.88637647169e-11, 8.29885552639e-12, 1.45948346724e-12, 2.1191261365e-13, 1.43885175042e-13, 7.42213636471e-14, 6.3546417477e-14, 9.23317818686e-14, 6.96834015729e-14, 3.83347325238e-14, 6.67405041822e-14, 2.04557779136e-14, 4.43478939552e-14, 6.49239708761e-14, 5.0715792785e-14, 4.35283285924e-14, 8.17888847469e-14, 4.86106489263e-13, 3.29660479687e-13, 1.07986631247e-13, 3.93920031143e-13, 3.25789894194e-12, 5.55475804243e-13, 1.24039165983e-13, 9.57685862037e-13, 3.25931642786e-11, 1.19007624935e-11, 3.62961743994e-12, 3.13231482852e-13, 2.00681824132e-13, 8.06790344168e-14, 1.48711054626e-15, 1.63762848628e-16, 1.00013388777e-16]
    melbands96:
        dmean: [2.51119581662e-05, 8.73156677699e-05, 0.000133295485284, 0.000123600650113, 8.44313617563e-05, 4.86166172777e-05, 3.69101799151e-05, 2.18975965254e-05, 2.01542679861e-05, 1.16821247502e-05, 5.56023769605e-06, 2.92531558443e-06, 1.70453938608e-06, 1.52801669628e-06, 1.45163528487e-06, 9.66329139374e-07, 5.62226489365e-07, 3.58728129868e-07, 3.0689878372e-07, 2.65173213165e-07, 3.05972150727e-07, 2.59414264292e-07, 1.96698010768e-07, 2.12155427448e-07, 2.15497124145e-07, 2.05123512842e-07, 2.13262765669e-07, 2.11913842918e-07, 1.76456396161e-07, 1.48695519897e-07, 1.35123627842e-07, 1.34762885295e-07, 1.18998165988e-07, 9.31653474368e-08, 9.63584980695e-08, 1.12730397461e-07, 1.21559324384e-07, 1.36842714937e-07, 1.14665709816e-07, 1.06260081623e-07, 1.16279835538e-07, 1.28057834559e-07, 1.4589352304e-07, 1.56704203391e-07, 1.63118528462e-07, 2.55100616187e-07, 2.6955152066e-07, 3.08141579808e-07, 2.04313977292e-07, 1.6393202884e-07, 1.67260722606e-07, 2.98612690131e-07, 4.7712092055e-07, 8.84340465745e-07, 5.46628598386e-07, 2.28871869012e-07, 2.65368470309e-07, 2.44573953978e-07, 3.14541637181e-07, 1.04538969481e-06, 2.63812444246e-06, 3.27651173393e-06, 2.03691888601e-06, 1.30781631924e-06, 1.18302773444e-06, 3.72502853452e-07, 3.84953921184e-07, 2.37093644273e-07, 2.21212914653e-07, 2.3996847176e-07, 9.18578919595e-08, 3.38986687609e-08, 1.00058610286e-08, 5.54258594576e-09, 3.38943029199e-09, 2.70957722925e-09, 3.44405548525e-09, 4.0221617148e-09, 6.15298745288e-09, 5.60958524076e-09, 5.38153832608e-09, 3.86890119941e-09, 2.21983009752e-09, 2.37555908278e-09, 1.83532788967e-09, 1.14623699421e-09, 8.81305806111e-10, 9.9117936081e-10, 9.08470243477e-10, 6.57336685084e-10, 4.99654873032e-10, 4.80592732277e-10, 4.75305406145e-10, 3.31932842323e-10, 3.11070336156e-10, 2.27179622336e-10]
        dmean2: [4.14906353399e-05, 0.000159723742399, 0.0002432246838, 0.000207251039683, 0.000150086329086, 9.30150345084e-05, 7.03989207977e-05, 4.01069628424e-05, 3.87780273741e-05, 2.2673557396e-05, 1.06563902591e-05, 5.43509759154e-06, 3.16181217386e-06, 2.78272341347e-06, 2.23340043704e-06, 1.51974109031e-06, 1.022053425e-06, 6.16359614014e-07, 5.4908605307e-07, 4.58074993048e-07, 5.34811306352e-07, 4.51454809536e-07, 3.43468229858e-07, 3.55942887609e-07, 3.78427927217e-07, 3.60221633855e-07, 3.66271592611e-07, 3.86493383076e-07, 3.11277062792e-07, 2.59719115547e-07, 2.33657758031e-07, 2.26238896062e-07, 2.07791373441e-07, 1.58185542887e-07, 1.6469019215e-07, 1.85355560234e-07, 2.06913753686e-07, 2.40272697738e-07, 2.01287463142e-07, 1.85780208994e-07, 2.03250152708e-07, 2.21995648531e-07, 2.56092306472e-07, 2.65860762738e-07, 2.66168569851e-07, 4.14225439727e-07, 4.4868824034e-07, 5.50511401798e-07, 3.53834565203e-07, 2.68604026132e-07, 2.79280754967e-07, 5.29261058091e-07, 8.29020962101e-07, 1.60265824434e-06, 8.98602081634e-07, 3.86190293966e-07, 4.32357126101e-07, 3.94889610789e-07, 4.94168773457e-07, 1.73821410954e-06, 4.1749221964e-06, 5.01907743455e-06, 3.12882548315e-06, 2.10899725062e-06, 1.98638826987e-06, 6.10775941823e-07, 6.42137933937e-07, 3.73669621467e-07, 3.65226640042e-07, 4.0980370386e-07, 1.45075944147e-07, 5.46833547332e-08, 1.74453624879e-08, 9.30727939163e-09, 5.42269784631e-09, 4.6357455652e-09, 5.78417092001e-09, 6.93816604169e-09, 9.76713554479e-09, 9.12062070313e-09, 8.38358982236e-09, 6.40617914272e-09, 3.60660634691e-09, 3.46385009564e-09, 2.86106405234e-09, 1.92672633403e-09, 1.36747146939e-09, 1.599156918e-09, 1.39987288428e-09, 1.03230934911e-09, 7.8739359477e-10, 7.40273953248e-10, 7.39307393083e-10, 5.44898681731e-10, 5.10569586609e-10, 3.75280417853e-10]
