
lowlevel:
    average_loudness: 0.010890991427
    barkbands_crest:
        dmean: 2.40994691849
        dmean2: 3.79917216301
        dvar: 4.33846998215
        dvar2: 9.55064487457
        max: 24.5195560455
        mean: 10.8363990784
        median: 10.126832962
        min: 2.85566425323
        stdev: 4.59816026688
        var: 21.1430797577
    barkbands_flatness_db:
        dmean: 0.0153217278421
        dmean2: 0.0248810835183
        dvar: 0.000220281275688
        dvar2: 0.000463146774564
        max: 0.261510670185
        mean: 0.10305634886
        median: 0.0905129089952
        min: 0.0412871465087
        stdev: 0.0411884896457
        var: 0.00169649161398
    barkbands_kurtosis:
        dmean: 2.28166842461
        dmean2: 3.5944685936
        dvar: 31.0289001465
        dvar2: 77.3402404785
        max: 63.189743042
        mean: 2.15153741837
        median: -0.568640589714
        min: -1.79341566563
        stdev: 8.24515724182
        var: 67.9826202393
    barkbands_skewness:
        dmean: 0.524516105652
        dmean2: 0.803796768188
        dvar: 0.332039356232
        dvar2: 0.817088484764
        max: 6.16979598999
        mean: -1.03425586224
        median: -0.808383643627
        min: -7.54414176941
        stdev: 1.47251808643
        var: 2.16830945015
    barkbands_spread:
        dmean: 7.42333698273
        dmean2: 12.2870750427
        dvar: 44.7789611816
        dvar2: 118.356559753
        max: 65.2619934082
        mean: 35.5554466248
        median: 36.8981513977
        min: 2.68179798126
        stdev: 14.7733669281
        var: 218.252365112
    dissonance:
        dmean: 0.0123777166009
        dmean2: 0.0216295681894
        dvar: 0.000141477779835
        dvar2: 0.000382538361009
        max: 0.500000119209
        mean: 0.485216289759
        median: 0.489646226168
        min: 0.413744419813
        stdev: 0.0140342833474
        var: 0.000196961103939
    dynamic_complexity: 4.90309906006
    erbbands_crest:
        dmean: 1.36577188969
        dmean2: 2.21560978889
        dvar: 1.55109059811
        dvar2: 4.21782112122
        max: 14.7826547623
        mean: 6.31441736221
        median: 6.05267620087
        min: 2.07146906853
        stdev: 2.25411295891
        var: 5.0810251236
    erbbands_flatness_db:
        dmean: 0.016398023814
        dmean2: 0.0269187390804
        dvar: 0.000205876975087
        dvar2: 0.000515389314387
        max: 0.290316075087
        mean: 0.137920260429
        median: 0.12802696228
        min: 0.0208224337548
        stdev: 0.04285915941
        var: 0.00183690770064
    erbbands_kurtosis:
        dmean: 1.70436918736
        dmean2: 2.75784420967
        dvar: 6.92366552353
        dvar2: 18.4113693237
        max: 33.3345832825
        mean: 2.3175637722
        median: 0.115243673325
        min: -1.78170156479
        stdev: 6.10017204285
        var: 37.212097168
    erbbands_skewness:
        dmean: 0.432116895914
        dmean2: 0.683780312538
        dvar: 0.158435553312
        dvar2: 0.428967088461
        max: 1.16590428352
        mean: -1.30537199974
        median: -1.09255945683
        min: -5.41766262054
        stdev: 1.09813952446
        var: 1.20591032505
    erbbands_spread:
        dmean: 2.32828092575
        dmean2: 3.75401067734
        dvar: 5.11771249771
        dvar2: 12.4972553253
        max: 25.4126987457
        mean: 11.0010375977
        median: 10.787861824
        min: 1.47303819656
        stdev: 4.95969438553
        var: 24.59856987
    hfc:
        dmean: 0.0984245538712
        dmean2: 0.150690376759
        dvar: 0.0548808053136
        dvar2: 0.12834174931
        max: 3.6651597023
        mean: 0.288428246975
        median: 0.0721313282847
        min: 4.90449565405e-05
        stdev: 0.550423800945
        var: 0.30296638608
    loudness_ebu128:
        integrated: -44.3002090454
        loudness_range: 9.69910049438
        momentary:
            dmean: 0.668824613094
            dmean2: 0.68390673399
            dvar: 0.535495817661
            dvar2: 0.352028459311
            max: -36.616355896
            mean: -47.5496826172
            median: -49.0677986145
            min: -55.6637268066
            stdev: 4.65342330933
            var: 21.6543483734
        short_term:
            dmean: 0.204581767321
            dmean2: 0.132366850972
            dvar: 0.0470708534122
            dvar2: 0.0201635323465
            max: -40.1650390625
            mean: -47.5996818542
            median: -48.3998184204
            min: -50.8080215454
            stdev: 2.93329977989
            var: 8.60424804688
    melbands_crest:
        dmean: 2.51013493538
        dmean2: 4.07406902313
        dvar: 7.23037481308
        dvar2: 18.2131881714
        max: 29.8009357452
        mean: 7.66739749908
        median: 6.36743688583
        min: 2.61594963074
        stdev: 4.14934921265
        var: 17.2170982361
    melbands_flatness_db:
        dmean: 0.0151154641062
        dmean2: 0.0235725231469
        dvar: 0.000230282108532
        dvar2: 0.000456970388768
        max: 0.334541678429
        mean: 0.0971850752831
        median: 0.0895263627172
        min: 0.0584824793041
        stdev: 0.0289776474237
        var: 0.000839704065584
    melbands_kurtosis:
        dmean: 1.5399492979
        dmean2: 2.27199721336
        dvar: 21.9955272675
        dvar2: 18.3335762024
        max: 115.391021729
        mean: 0.620314180851
        median: -0.752872824669
        min: -1.80426740646
        stdev: 6.35396003723
        var: 40.3728103638
    melbands_skewness:
        dmean: 0.475596219301
        dmean2: 0.720112204552
        dvar: 0.23457069695
        dvar2: 0.48411694169
        max: 8.91844463348
        mean: 0.533738851547
        median: 0.54586148262
        min: -3.3515124321
        stdev: 1.19379103184
        var: 1.425137043
    melbands_spread:
        dmean: 19.9337940216
        dmean2: 31.528383255
        dvar: 308.814819336
        dvar2: 758.346313477
        max: 174.671157837
        mean: 99.4909591675
        median: 102.58152771
        min: 2.70337033272
        stdev: 33.4553146362
        var: 1119.25805664
    pitch:
        dmean: 1238.62744141
        dmean2: 2385.75537109
        dvar: 3895600.75
        dvar2: 10249479
        max: 6165.63476562
        mean: 2293.32495117
        median: 542.168029785
        min: 65.0198059082
        stdev: 2383.02978516
        var: 5678830.5
    pitch_instantaneous_confidence:
        dmean: 0.0891725942492
        dmean2: 0.147311627865
        dvar: 0.00710720056668
        dvar2: 0.0173282325268
        max: 0.927898705006
        mean: 0.425317704678
        median: 0.364724069834
        min: 0.115322709084
        stdev: 0.200848594308
        var: 0.0403401553631
    pitch_salience:
        dmean: 0.0525983795524
        dmean2: 0.0874726101756
        dvar: 0.00223124260083
        dvar2: 0.0053616608493
        max: 0.898009955883
        mean: 0.678260743618
        median: 0.684879302979
        min: 0.3124602139
        stdev: 0.0727917328477
        var: 0.00529863685369
    silence_rate_20dB:
        dmean: 0
        dmean2: 0
        dvar: 0
        dvar2: 0
        max: 1
        mean: 1
        median: 1
        min: 1
        stdev: 0
        var: 0
    silence_rate_30dB:
        dmean: 0
        dmean2: 0
        dvar: 0
        dvar2: 0
        max: 1
        mean: 1
        median: 1
        min: 1
        stdev: 0
        var: 0
    silence_rate_60dB:
        dmean: 0
        dmean2: 0
        dvar: 0
        dvar2: 0
        max: 1
        mean: 1
        median: 1
        min: 1
        stdev: 0
        var: 0
    sound_start_frame: 6
    sound_stop_frame: 423
    spectral_centroid:
        dmean: 420.209747314
        dmean2: 656.329833984
        dvar: 159825.734375
        dvar2: 374097.46875
        max: 5905.34570312
        mean: 3677.05224609
        median: 3684.63037109
        min: 112.140991211
        stdev: 1099.11669922
        var: 1208057.625
    spectral_complexity:
        dmean: 0
        dmean2: 0
        dvar: 0
        dvar2: 0
        max: 0
        mean: 0
        median: 0
        min: 0
        stdev: 0
        var: 0
    spectral_crest:
        dmean: 2.40994691849
        dmean2: 3.79917216301
        dvar: 4.33846998215
        dvar2: 9.55064487457
        max: 24.5195560455
        mean: 10.8363990784
        median: 10.126832962
        min: 2.85566425323
        stdev: 4.59816026688
        var: 21.1430797577
    spectral_decrease:
        dmean: 3.33902090005e-12
        dmean2: 5.15387385547e-12
        dvar: 3.37038234292e-23
        dvar2: 7.76020395386e-23
        max: -5.76807414224e-14
        mean: -9.89112958205e-12
        median: -3.76244781858e-12
        min: -8.36179528396e-11
        stdev: 1.34779210362e-11
        var: 1.81654345415e-22
    spectral_energy:
        dmean: 2.12741288124e-05
        dmean2: 3.23347194353e-05
        dvar: 1.70524872001e-09
        dvar2: 3.93651244934e-09
        max: 0.000648033630569
        mean: 6.34927127976e-05
        median: 2.11674559978e-05
        min: 2.66983505526e-07
        stdev: 9.93065696093e-05
        var: 9.86179404805e-09
    spectral_energyband_high:
        dmean: 1.57351696544e-05
        dmean2: 2.42109745159e-05
        dvar: 1.62618729593e-09
        dvar2: 3.7785459206e-09
        max: 0.000631612259895
        mean: 4.48723912996e-05
        median: 9.79863671091e-06
        min: 1.89561610853e-09
        stdev: 9.336907533e-05
        var: 8.71778471634e-09
    spectral_energyband_low:
        dmean: 9.4653182714e-07
        dmean2: 1.63624702054e-06
        dvar: 2.47937738049e-12
        dvar2: 6.18394181348e-12
        max: 1.91507006093e-05
        mean: 1.15298928449e-06
        median: 6.71078282721e-07
        min: 2.83669585599e-08
        stdev: 1.66293261827e-06
        var: 2.76534502762e-12
    spectral_energyband_middle_high:
        dmean: 4.46336798632e-06
        dmean2: 6.81381425238e-06
        dvar: 9.38944408335e-11
        dvar2: 2.09122469341e-10
        max: 0.000149853032781
        mean: 1.09039638119e-05
        median: 5.34493847226e-06
        min: 4.71824623816e-09
        stdev: 1.7334412405e-05
        var: 3.00481861615e-10
    spectral_energyband_middle_low:
        dmean: 4.49359640697e-06
        dmean2: 7.48403363104e-06
        dvar: 8.23528953364e-11
        dvar2: 2.16836160138e-10
        max: 0.000108638501843
        mean: 7.02495299265e-06
        median: 3.73797593056e-06
        min: 2.37304700335e-08
        stdev: 1.12616280603e-05
        var: 1.26824259428e-10
    spectral_entropy:
        dmean: 0.108440227807
        dmean2: 0.168567597866
        dvar: 0.0126289324835
        dvar2: 0.0248050577939
        max: 8.83815956116
        mean: 8.40345191956
        median: 8.48987293243
        min: 7.07099628448
        stdev: 0.293338119984
        var: 0.0860472470522
    spectral_flatness_db:
        dmean: 0.0153217278421
        dmean2: 0.0248810835183
        dvar: 0.000220281275688
        dvar2: 0.000463146774564
        max: 0.261510670185
        mean: 0.10305634886
        median: 0.0905129089952
        min: 0.0412871465087
        stdev: 0.0411884896457
        var: 0.00169649161398
    spectral_flux:
        dmean: 0.00075550575275
        dmean2: 0.00126302370336
        dvar: 1.09567247364e-06
        dvar2: 2.875093287e-06
        max: 0.0143107734621
        mean: 0.00405514286831
        median: 0.0030409838073
        min: 0.000363892933819
        stdev: 0.00244849314913
        var: 5.99511849941e-06
    spectral_kurtosis:
        dmean: 0.637925505638
        dmean2: 0.986735701561
        dvar: 0.334726333618
        dvar2: 0.679502785206
        max: 10.1484622955
        mean: 4.38266849518
        median: 4.10733222961
        min: 0.753753423691
        stdev: 1.66402542591
        var: 2.7689807415
    spectral_rms:
        dmean: 3.29908216372e-05
        dmean2: 5.02228976984e-05
        dvar: 1.76418102349e-09
        dvar2: 4.0767726972e-09
        max: 0.000795127591118
        mean: 0.000203543619136
        median: 0.000143705139635
        min: 1.61391362781e-05
        stdev: 0.000143227327499
        var: 2.05140668896e-08
    spectral_rolloff:
        dmean: 343.665710449
        dmean2: 598.337036133
        dvar: 471982.21875
        dvar2: 1248604.625
        max: 6739.89257812
        mean: 5862.81787109
        median: 6093.89648438
        min: 86.1328125
        stdev: 847.91619873
        var: 718961.875
    spectral_skewness:
        dmean: 0.109708994627
        dmean2: 0.167528301477
        dvar: 0.010627053678
        dvar2: 0.0239950474352
        max: 2.80748915672
        mean: 1.90173852444
        median: 1.87308001518
        min: 1.33268022537
        stdev: 0.229260027409
        var: 0.0525601617992
    spectral_spread:
        dmean: 1508111.125
        dmean2: 2399822
        dvar: 1.8599631913e+12
        dvar2: 4.08075894784e+12
        max: 33469174
        mean: 18679744
        median: 19130216
        min: 9704979
        stdev: 4730469
        var: 2.23773374546e+13
    spectral_strongpeak:
        dmean: 0.211192324758
        dmean2: 0.337051838636
        dvar: 0.121592067182
        dvar2: 0.289665699005
        max: 5.42580366135
        mean: 0.482422441244
        median: 0.181851744652
        min: 0
        stdev: 0.840251624584
        var: 0.706022799015
    zerocrossingrate:
        dmean: 0.010779125616
        dmean2: 0.0124696847051
        dvar: 0.000125423699501
        dvar2: 0.000146636957652
        max: 0.2734375
        mean: 0.193725585938
        median: 0.19482421875
        min: 0.00830078125
        stdev: 0.0396298058331
        var: 0.00157052162103
    barkbands:
        dmean: [2.23987797199e-08, 2.62099490556e-07, 5.54994642243e-07, 6.39491076981e-07, 7.04927060724e-07, 9.09364359813e-07, 1.01745956727e-06, 1.23233553495e-06, 1.4068954215e-06, 9.22033507322e-07, 7.61758542467e-07, 6.88039278884e-07, 4.85444331844e-07, 4.18407097413e-07, 4.75492925034e-07, 5.43349415238e-07, 6.77972025187e-07, 1.15026148251e-06, 6.40853841105e-07, 7.2844954957e-07, 1.31875333409e-06, 1.50379755723e-05, 2.59123339674e-06, 4.10202183332e-08, 2.22026397267e-09, 3.44541239983e-09, 1.66685989456e-08]
        dmean2: [3.95048402879e-08, 4.72708023835e-07, 9.73993451225e-07, 1.13535486435e-06, 1.17042293368e-06, 1.50447590386e-06, 1.74196111402e-06, 2.18210288949e-06, 2.53104349213e-06, 1.58740658662e-06, 1.28183762627e-06, 1.20178424368e-06, 8.42788665523e-07, 6.68574500651e-07, 7.5743190564e-07, 9.32170905799e-07, 1.1344578752e-06, 1.87847842881e-06, 9.83128302323e-07, 1.03843524357e-06, 1.98316638489e-06, 2.30067125813e-05, 4.14835858464e-06, 6.37601331732e-08, 3.43781514367e-09, 5.8264766345e-09, 2.66436241958e-08]
        dvar: [1.60783518762e-15, 2.22515731427e-13, 6.60633223473e-13, 2.72073010822e-12, 2.76492023721e-12, 4.4358323438e-12, 5.31936387299e-12, 1.37497062347e-11, 1.98346929159e-11, 4.81800059918e-12, 3.06751911198e-12, 1.94253272322e-12, 1.23300013862e-12, 1.21198450581e-12, 1.73793455755e-12, 2.88684809564e-12, 5.6217704103e-12, 2.09105181087e-11, 1.93860552611e-12, 2.13789207691e-12, 8.96933135403e-12, 1.56394408535e-09, 4.18961601523e-11, 1.63427824333e-14, 7.40264179555e-17, 1.14319148253e-17, 3.10962523838e-16]
        dvar2: [4.34600323258e-15, 6.74928645958e-13, 1.71797255241e-12, 7.17264312181e-12, 7.07972049041e-12, 1.17740478825e-11, 1.2691250828e-11, 3.9399261631e-11, 5.65309049572e-11, 1.37924498211e-11, 8.46563617818e-12, 5.33666600494e-12, 3.42202655101e-12, 2.85778518905e-12, 4.44554245846e-12, 7.20121661954e-12, 1.64013143344e-11, 4.66503710661e-11, 4.4420912261e-12, 4.29149554435e-12, 2.10631841829e-11, 3.62419094735e-09, 9.96720136981e-11, 4.00025268444e-14, 1.72046897027e-16, 3.08542239688e-17, 7.37039631004e-16]
        max: [2.88453747999e-07, 4.36934897152e-06, 8.10864185041e-06, 2.42910500674e-05, 3.15204779326e-05, 2.38665561483e-05, 2.70472373813e-05, 5.70563533984e-05, 5.70726042497e-05, 2.46955169132e-05, 2.328073424e-05, 1.31737087941e-05, 1.47767441376e-05, 1.89424663404e-05, 1.92664647329e-05, 2.73402656603e-05, 4.03347839892e-05, 6.43384919385e-05, 2.07187422347e-05, 2.80122676486e-05, 3.69868612324e-05, 0.000588494993281, 0.000147283135448, 1.87981515865e-06, 1.43500940908e-07, 4.31251550026e-08, 2.07862996149e-07]
        mean: [2.02288141793e-08, 2.58320369539e-07, 5.84256213187e-07, 5.98039832767e-07, 9.38914240578e-07, 1.15544060009e-06, 1.0802491488e-06, 1.36994549393e-06, 1.58966906838e-06, 1.25103269966e-06, 1.15706291126e-06, 1.01645696304e-06, 7.49891682972e-07, 7.03123987478e-07, 8.48242677876e-07, 8.30456883705e-07, 1.06458230675e-06, 1.56322766998e-06, 1.18143759664e-06, 2.13809948946e-06, 3.55312954525e-06, 3.37047313224e-05, 5.95077881371e-06, 8.86927296051e-08, 5.75855407803e-09, 1.34439073207e-08, 6.89931098918e-08]
        median: [7.66289964815e-09, 1.26443239878e-07, 2.90663308533e-07, 2.59731393726e-07, 3.59205046152e-07, 3.43689151805e-07, 4.208705775e-07, 5.90097670283e-07, 6.25727125225e-07, 5.79830498282e-07, 6.92657408763e-07, 5.19329432791e-07, 3.06509605252e-07, 2.49051595347e-07, 2.35965956108e-07, 2.96163989333e-07, 3.1476508866e-07, 4.84554846025e-07, 5.52583514946e-07, 7.28805844119e-07, 8.18291368887e-07, 6.96487813912e-06, 1.26754571284e-06, 8.81884520965e-09, 3.2613929335e-09, 1.20410756921e-08, 6.25862028869e-08]
        min: [8.05102928769e-11, 6.91081947224e-09, 6.08562000792e-09, 5.3752611251e-09, 7.38508676434e-09, 5.10230213635e-09, 1.97932870094e-09, 1.1056465743e-09, 2.41234343612e-09, 1.07786790604e-09, 1.0778796744e-09, 2.66422467421e-10, 1.27381757919e-10, 2.6452862123e-10, 1.6456051799e-10, 3.95542237852e-10, 2.40837294552e-10, 4.68411198717e-10, 6.97850111031e-10, 7.96236632183e-10, 4.66758021123e-10, 4.56442800223e-10, 9.30608090588e-11, 4.68552176225e-11, 2.35843150564e-11, 6.02349975454e-11, 9.43682354482e-11]
        stdev: [3.99062436429e-08, 4.38588898533e-07, 8.56312681208e-07, 1.42514613799e-06, 2.47585421675e-06, 2.72309011962e-06, 2.32178445003e-06, 3.45756916431e-06, 3.76011644221e-06, 2.30549107982e-06, 1.74353806415e-06, 1.73284786342e-06, 1.48412664203e-06, 1.59476758199e-06, 1.97041617866e-06, 2.12910117625e-06, 3.15837269227e-06, 4.84432302983e-06, 2.01167449632e-06, 4.02568002755e-06, 6.60849309497e-06, 7.80612972449e-05, 1.43611532621e-05, 2.22141224526e-07, 9.10318220804e-09, 5.34163024923e-09, 2.80254734975e-08]
        var: [1.5925083382e-15, 1.92360233645e-13, 7.33271408003e-13, 2.03104156757e-12, 6.12985443654e-12, 7.41521948011e-12, 5.39068355926e-12, 1.1954785252e-11, 1.41384751129e-11, 5.31528900755e-12, 3.03992486565e-12, 3.00276188463e-12, 2.20263195704e-12, 2.54328372598e-12, 3.88254012273e-12, 4.53307183457e-12, 9.97531744706e-12, 2.34674640831e-11, 4.0468344821e-12, 1.62060989628e-11, 4.36721839248e-11, 6.09356609615e-09, 2.06242717349e-10, 4.93467266561e-14, 8.286792653e-17, 2.85330128949e-17, 7.8542712927e-16]
    erbbands:
        dmean: [6.3066624989e-07, 0.000172579690116, 0.00164295302238, 0.002595779486, 0.00771237583831, 0.0170748140663, 0.0310094729066, 0.0278571620584, 0.0265412256122, 0.0209549609572, 0.020593367517, 0.0284290388227, 0.0462893992662, 0.0319380387664, 0.0393032543361, 0.141166076064, 0.215748891234, 0.00346776586957]
        dmean2: [1.0670470374e-06, 0.000316739227856, 0.0028685531579, 0.00454614916816, 0.0126233566552, 0.0301481857896, 0.0538743957877, 0.0482195727527, 0.0455967374146, 0.0360467135906, 0.0342824906111, 0.0490595139563, 0.0710114464164, 0.049286223948, 0.0583755336702, 0.215303853154, 0.357823073864, 0.00506241479889]
        dvar: [9.34122137281e-13, 9.60789066085e-08, 1.70887324202e-05, 3.73109214706e-05, 0.000306580681354, 0.00112447864376, 0.00704686762765, 0.00448865815997, 0.00249199429527, 0.00234435591847, 0.00191112828907, 0.00916896760464, 0.0236513819546, 0.00504615623504, 0.00695350719616, 0.0976868644357, 0.239154279232, 9.36545256991e-05]
        dvar2: [2.37954144236e-12, 2.90267109904e-07, 4.37327580585e-05, 0.000101248617284, 0.000791747123003, 0.00304980180226, 0.0186387710273, 0.0128041626886, 0.00696944445372, 0.00633197650313, 0.00445128185675, 0.0206789970398, 0.055826626718, 0.0120455119759, 0.0143229588866, 0.215749800205, 0.616559505463, 0.000203707371838]
        max: [9.31869999476e-06, 0.00284104328603, 0.0617668889463, 0.105653747916, 0.187225908041, 0.249321237206, 0.930723965168, 0.763723731041, 0.493413627148, 0.674092948437, 0.594842910767, 1.60275375843, 1.88254404068, 0.886567831039, 1.66085731983, 5.5960483551, 7.53982877731, 0.199602454901]
        mean: [7.27313761217e-07, 0.000176099332748, 0.00171480874997, 0.00315646547824, 0.00966472364962, 0.0181175284088, 0.0365558937192, 0.0397509522736, 0.0417656600475, 0.0348066315055, 0.0388477630913, 0.0475696846843, 0.070008456707, 0.0600873529911, 0.119064114988, 0.397783070803, 0.58107560873, 0.01047412958]
        median: [3.44915918049e-07, 8.7109474407e-05, 0.000849008967634, 0.00117407855578, 0.00278197810985, 0.00811440870166, 0.0146111864597, 0.018379708752, 0.0242438800633, 0.0144279338419, 0.0133627764881, 0.0154824983329, 0.0218599885702, 0.0289652459323, 0.036473441869, 0.0985612273216, 0.152083218098, 0.00196811230853]
        min: [3.20148707544e-08, 2.85459509541e-06, 2.65398066404e-05, 1.16864712254e-05, 4.28682542406e-05, 2.15638265217e-05, 2.40781009779e-05, 3.82261969207e-05, 2.97142214549e-05, 6.03542503086e-06, 1.22354058476e-05, 2.33054179262e-05, 2.12955128518e-05, 3.78285076295e-05, 4.74117405247e-05, 1.83830325113e-05, 1.01105215435e-05, 1.39277619837e-06]
        stdev: [1.08344522687e-06, 0.000287370290607, 0.00371809815988, 0.0083594173193, 0.0225043855608, 0.0315054729581, 0.0813840851188, 0.0699836909771, 0.0592454746366, 0.0688706487417, 0.0812666490674, 0.129364177585, 0.194058954716, 0.0984780564904, 0.230100870132, 0.774522423744, 1.12583744526, 0.0231574829668]
        var: [1.17385354909e-12, 8.25816783845e-08, 1.38242539833e-05, 6.98798539815e-05, 0.00050644739531, 0.000992594752461, 0.00662336871028, 0.00489771738648, 0.00351002626121, 0.00474316673353, 0.00660426868126, 0.0167350899428, 0.0376588776708, 0.00969792716205, 0.0529464110732, 0.599884986877, 1.2675100565, 0.000536269042641]
    gfcc:
        mean: [-190.305450439, -75.3536834717, -46.5933036804, -34.44764328, -29.0283222198, -4.8670630455, -26.3950939178, -5.11394500732, -24.7919692993, -0.117124952376, -19.2511672974, 0.234552234411, -10.4448957443]
        cov: [[1111.73266602, -261.033508301, -90.7264404297, -84.7816009521, -4.24193048477, -35.1240158081, -3.02869915962, 19.0462856293, -39.5819625854, -41.3381919861, -3.43247747421, -14.443561554, 6.56683969498], [-261.033508301, 370.272979736, 51.7880249023, 32.1851119995, -59.7041282654, -24.8847618103, 4.67640399933, -5.17062616348, 35.5562286377, 20.5077877045, 5.52720594406, 7.72101926804, -26.1876430511], [-90.7264404297, 51.7880249023, 168.373413086, -20.130153656, 27.2117843628, 16.637134552, -15.6021766663, 20.2399806976, -13.6780958176, -4.86929321289, -2.98585176468, -22.163230896, 1.91242229939], [-84.7816009521, 32.1851119995, -20.130153656, 128.371109009, 7.14616346359, -4.48100948334, 5.9403834343, -27.8871479034, 16.7696094513, -0.182179480791, -8.90413379669, 10.2070589066, -1.67907249928], [-4.24193048477, -59.7041282654, 27.2117843628, 7.14616346359, 82.7484817505, 30.9008083344, -4.29741621017, 8.3747253418, -24.4335212708, -7.30756807327, 0.37338617444, -11.4773616791, 12.44506073], [-35.1240158081, -24.8847618103, 16.637134552, -4.48100948334, 30.9008083344, 58.5162010193, 19.6947097778, 3.44809770584, -7.39404058456, -5.40207386017, -5.43863344193, -4.28827047348, 3.22128486633], [-3.02869915962, 4.67640399933, -15.6021766663, 5.9403834343, -4.29741621017, 19.6947097778, 43.5411720276, 11.5678920746, 6.05489349365, -0.158809289336, -3.38190031052, -2.05907011032, -7.28046512604], [19.0462856293, -5.17062616348, 20.2399806976, -27.8871479034, 8.3747253418, 3.44809770584, 11.5678920746, 51.176399231, 5.16892671585, -4.64391231537, 2.32864546776, -13.8107423782, -3.63901042938], [-39.5819625854, 35.5562286377, -13.6780958176, 16.7696094513, -24.4335212708, -7.39404058456, 6.05489349365, 5.16892671585, 47.9427642822, 17.779750824, 1.8390532732, 1.7132461071, -13.0554122925], [-41.3381919861, 20.5077877045, -4.86929321289, -0.182179480791, -7.30756807327, -5.40207386017, -0.158809289336, -4.64391231537, 17.779750824, 37.3454780579, 12.5570316315, 0.694945812225, -5.34464931488], [-3.43247747421, 5.52720594406, -2.98585176468, -8.90413379669, 0.37338617444, -5.43863344193, -3.38190031052, 2.32864546776, 1.8390532732, 12.5570316315, 36.7577400208, 7.51445865631, -2.64432191849], [-14.443561554, 7.72101926804, -22.163230896, 10.2070589066, -11.4773616791, -4.28827047348, -2.05907011032, -13.8107423782, 1.7132461071, 0.694945812225, 7.51445865631, 36.9389877319, 7.54290485382], [6.56683969498, -26.1876430511, 1.91242229939, -1.67907249928, 12.44506073, 3.22128486633, -7.28046512604, -3.63901042938, -13.0554122925, -5.34464931488, -2.64432191849, 7.54290485382, 28.4592609406]]
        icov: [[0.00127806153614, 0.000819494016469, 0.00043719689711, 0.000689832260832, 0.000166149184224, 0.00126497959718, -0.000474786531413, 5.56967861485e-05, 0.000303972599795, 0.00119796360377, -0.000168203870999, 0.000518761575222, 0.000351618771674], [0.000819494016469, 0.00439376523718, -0.00187616678886, -0.000765962467995, 0.00268371822312, 0.00145987200085, -0.00103762780782, 8.5201994807e-05, -0.000299915933283, -0.000407961779274, -0.000322031381074, -0.000925937551074, 0.00234276941046], [0.00043719689711, -0.00187616678886, 0.00905083585531, 0.000355399213731, -0.000901420076843, -0.00365102384239, 0.00581361865625, -0.00390693312511, 0.00259422580712, 1.79941780516e-05, 0.000424183672294, 0.00393555406481, -0.000429629872087], [0.000689832260832, -0.000765962467995, 0.000355399213731, 0.0128289191052, -0.00743119930848, 0.00594440056011, -0.00622659223154, 0.00958105083555, -0.00837926473469, 0.00516886869445, 0.00200273003429, -0.00135036185384, -0.000251202494837], [0.000166149184224, 0.00268371822312, -0.000901420076843, -0.00743119930848, 0.0262086782604, -0.0142010087147, 0.00953947752714, -0.00920130405575, 0.0121064763516, -0.0046592480503, -0.00359399965964, 0.00561135355383, -0.00367880077101], [0.00126497959718, 0.00145987200085, -0.00365102384239, 0.00594440056011, -0.0142010087147, 0.0337210409343, -0.0205729175359, 0.00941510964185, -0.00581574207172, 0.0051440759562, 0.00254061538726, -0.0019123723032, -0.000977358780801], [-0.000474786531413, -0.00103762780782, 0.00581361865625, -0.00622659223154, 0.00953947752714, -0.0205729175359, 0.0409208424389, -0.0156847275794, 0.00605185516179, -0.00483318371698, 0.00253677275032, 7.67159581301e-05, 0.00710056116804], [5.56967861485e-05, 8.5201994807e-05, -0.00390693312511, 0.00958105083555, -0.00920130405575, 0.00941510964185, -0.0156847275794, 0.0353670977056, -0.0146872000769, 0.0116600804031, -0.00521198520437, 0.00766935246065, -0.00270365877077], [0.000303972599795, -0.000299915933283, 0.00259422580712, -0.00837926473469, 0.0121064763516, -0.00581574207172, 0.00605185516179, -0.0146872000769, 0.0408178567886, -0.0188758391887, 0.00442633545026, -0.00255315285176, 0.0102874403819], [0.00119796360377, -0.000407961779274, 1.79941780516e-05, 0.00516886869445, -0.0046592480503, 0.0051440759562, -0.00483318371698, 0.0116600804031, -0.0188758391887, 0.0429017581046, -0.0139736412093, 0.0057055875659, -0.00205110711977], [-0.000168203870999, -0.000322031381074, 0.000424183672294, 0.00200273003429, -0.00359399965964, 0.00254061538726, 0.00253677275032, -0.00521198520437, 0.00442633545026, -0.0139736412093, 0.0361664965749, -0.0116456709802, 0.00695205060765], [0.000518761575222, -0.000925937551074, 0.00393555406481, -0.00135036185384, 0.00561135355383, -0.0019123723032, 7.67159581301e-05, 0.00766935246065, -0.00255315285176, 0.0057055875659, -0.0116456709802, 0.0398977845907, -0.0143093215302], [0.000351618771674, 0.00234276941046, -0.000429629872087, -0.000251202494837, -0.00367880077101, -0.000977358780801, 0.00710056116804, -0.00270365877077, 0.0102874403819, -0.00205110711977, 0.00695205060765, -0.0143093215302, 0.0491893328726]]
    melbands:
        dmean: [5.1912806498e-08, 2.01876417805e-07, 2.50181045658e-07, 1.42030131656e-07, 1.57284077318e-07, 1.84341388376e-07, 1.96395092189e-07, 2.29047941502e-07, 2.29413302577e-07, 1.89086122759e-07, 1.38688022844e-07, 1.35502318699e-07, 9.81760166496e-08, 7.58711919957e-08, 7.01150923987e-08, 4.58646596257e-08, 4.22031085634e-08, 3.40579724423e-08, 3.90371717174e-08, 3.20391180253e-08, 3.99649522365e-08, 3.80588573989e-08, 4.41921201855e-08, 5.80785268767e-08, 4.59370035344e-08, 1.87597937185e-08, 1.58178963261e-08, 2.49229064053e-08, 2.78139395959e-08, 2.16323794433e-08, 6.15981505803e-08, 3.66345915381e-07, 3.75647033479e-07, 1.05480921775e-07, 1.98713792088e-08, 5.72038150182e-09, 6.96961266478e-10, 8.29089297216e-11, 4.00572006121e-11, 2.28840228017e-11]
        dmean2: [9.17457114724e-08, 3.53575700274e-07, 4.35455007164e-07, 2.48201672548e-07, 2.73698105957e-07, 2.9810391311e-07, 3.29434527657e-07, 4.08665528084e-07, 3.91381405507e-07, 3.41946844173e-07, 2.46473007337e-07, 2.28383484568e-07, 1.67282948382e-07, 1.33495561272e-07, 1.12770763394e-07, 7.92775480818e-08, 6.83783127897e-08, 5.77381165101e-08, 6.38849186885e-08, 5.25594394674e-08, 7.10059850917e-08, 6.38789501295e-08, 6.96521738064e-08, 9.68526450151e-08, 7.35686498388e-08, 3.09535970189e-08, 2.55326426668e-08, 3.79680500373e-08, 4.13875120842e-08, 3.30084191091e-08, 9.879602203e-08, 5.55361168608e-07, 5.86796716107e-07, 1.77115410338e-07, 3.29675913235e-08, 9.02078856058e-09, 1.11261100333e-09, 1.32335559178e-10, 6.35734589971e-11, 3.55331944424e-11]
        dvar: [7.77738198279e-15, 9.84052046121e-14, 3.93631172579e-13, 1.04666201108e-13, 1.75075083012e-13, 1.65306651831e-13, 2.4091891134e-13, 3.61667212021e-13, 3.37703552188e-13, 3.2607136392e-13, 1.3024992326e-13, 1.60407115108e-13, 4.03635864966e-14, 2.42237243583e-14, 2.27207728136e-14, 1.205730394e-14, 1.41688139289e-14, 4.7414735983e-15, 1.34128590464e-14, 5.75756246336e-15, 2.9661348925e-14, 1.55877270998e-14, 2.13546475831e-14, 6.87324546236e-14, 2.06877040048e-14, 1.27186211019e-15, 7.25193557599e-16, 2.31642123492e-15, 4.0209445982e-15, 2.15064058176e-15, 1.74090308955e-14, 1.26847805263e-12, 9.14585356233e-13, 5.95050403266e-14, 2.33833376551e-15, 3.17068810824e-16, 4.19488352198e-18, 7.3258792124e-20, 3.2092307171e-20, 1.04584499969e-20]
        dvar2: [2.28920970857e-14, 2.72806652485e-13, 1.01110179257e-12, 3.00594428905e-13, 4.39652220879e-13, 4.14665209721e-13, 5.4878226529e-13, 1.04229786694e-12, 9.10443378674e-13, 9.42548448145e-13, 3.88280634858e-13, 4.50698153928e-13, 1.08537304307e-13, 6.97000034186e-14, 5.9687918128e-14, 3.45628405995e-14, 3.56953880245e-14, 1.10008404025e-14, 3.37614423993e-14, 1.47737352137e-14, 6.10295505538e-14, 4.33107597096e-14, 5.41597271046e-14, 1.53540781435e-13, 5.25913812282e-14, 3.13088428305e-15, 1.6669441113e-15, 5.43379809532e-15, 7.65782158822e-15, 3.89135279243e-15, 4.1461104027e-14, 2.7358497412e-12, 2.09613446392e-12, 1.61558700446e-13, 6.26332710672e-15, 7.28548072768e-16, 1.06397859913e-17, 2.03122018854e-19, 7.76499708786e-20, 2.38728670712e-20]
        max: [8.1126808027e-07, 2.7060220873e-06, 9.39641995501e-06, 4.88263685838e-06, 7.16918430044e-06, 4.84826023239e-06, 6.42948589302e-06, 8.17142881715e-06, 7.13229792382e-06, 7.32156968297e-06, 4.1044468162e-06, 5.27821930518e-06, 2.55511167779e-06, 1.35571553983e-06, 1.99204691853e-06, 1.41039311075e-06, 2.01520538212e-06, 9.46943828239e-07, 1.73436876594e-06, 1.03935781226e-06, 3.1888284866e-06, 2.13594603338e-06, 1.74799401975e-06, 3.67942107005e-06, 1.65865833424e-06, 4.32220986113e-07, 3.5823453004e-07, 7.94123820924e-07, 9.43951022236e-07, 7.75138573772e-07, 1.68660221789e-06, 1.88180620171e-05, 1.21805896924e-05, 4.47840011475e-06, 6.03947682976e-07, 3.03169258586e-07, 3.75903361771e-08, 3.65712771178e-09, 2.95882252033e-09, 1.747576861e-09]
        mean: [5.5001006416e-08, 2.29050812095e-07, 2.81181286255e-07, 1.72236525486e-07, 2.06026740557e-07, 2.37102270262e-07, 2.33676644257e-07, 2.4646192287e-07, 2.79743574083e-07, 2.12193413063e-07, 1.70170693536e-07, 1.98124340045e-07, 1.55401295387e-07, 1.11189834229e-07, 1.01930382357e-07, 6.79601086517e-08, 6.75972628983e-08, 5.99482419261e-08, 6.42584367938e-08, 5.00373644741e-08, 6.62117329853e-08, 6.21330755735e-08, 6.25042488878e-08, 7.85247493695e-08, 6.72113102951e-08, 3.64805323727e-08, 3.91315104764e-08, 6.70809257031e-08, 7.72482167122e-08, 5.81494958851e-08, 1.51561081907e-07, 7.80605375894e-07, 7.40127973131e-07, 2.42474044398e-07, 4.96475465184e-08, 1.09472253484e-08, 1.67956648589e-09, 1.56379367788e-10, 7.10362810241e-11, 4.86248957765e-11]
        median: [2.7738956021e-08, 1.26988567217e-07, 1.47386032268e-07, 7.54135243142e-08, 6.36903934037e-08, 6.97789488413e-08, 8.11839839798e-08, 1.14684084451e-07, 1.19018395139e-07, 8.49732586516e-08, 7.72427029005e-08, 8.52216714975e-08, 9.67114957007e-08, 6.05367631579e-08, 4.04982998248e-08, 2.71620734793e-08, 2.18861995194e-08, 2.1420383689e-08, 1.81861707915e-08, 1.92556619538e-08, 1.69836766872e-08, 1.86761468512e-08, 1.79999286587e-08, 2.34951507139e-08, 2.41040076787e-08, 1.8656432843e-08, 1.8441561167e-08, 2.44670808058e-08, 1.81444086422e-08, 1.52110715135e-08, 4.50741701741e-08, 1.28779475972e-07, 1.38503949643e-07, 6.36701855683e-08, 1.30448931657e-08, 1.93241778135e-09, 1.44628600762e-10, 3.66363467341e-11, 3.10369785428e-11, 2.96543831158e-11]
        min: [2.23514695641e-09, 3.8306011696e-09, 5.3249138432e-09, 1.72531389175e-09, 2.74250205878e-10, 1.10856457347e-09, 6.90368540113e-10, 2.10566036829e-10, 1.60143107109e-10, 3.75356939974e-10, 2.71266592522e-10, 1.24368543242e-10, 1.55575510807e-10, 4.49602056973e-11, 1.19234466051e-11, 1.2946804219e-11, 2.09798706186e-11, 2.21889902285e-11, 1.40577133267e-11, 2.47207115889e-11, 2.3837371313e-11, 1.49915548725e-11, 1.92271632643e-11, 1.7382715059e-11, 3.48586784438e-11, 2.3077590186e-11, 1.18369177307e-11, 2.97206183275e-11, 1.91656586435e-11, 9.80315394833e-12, 1.19079355751e-11, 6.67470419213e-12, 1.24385467204e-11, 3.74209257331e-12, 1.27613653152e-12, 9.93689180419e-13, 6.74087305072e-13, 3.4641289403e-13, 3.08503900594e-13, 2.4277533651e-13]
        stdev: [8.71139533842e-08, 3.23139545344e-07, 5.67189260892e-07, 3.43978172168e-07, 6.5074249278e-07, 5.50907202523e-07, 5.33180980256e-07, 5.441145845e-07, 5.89295780173e-07, 4.76118003689e-07, 3.10062119979e-07, 4.14569711893e-07, 2.11619351376e-07, 1.78218371616e-07, 2.03243985197e-07, 1.36177249033e-07, 1.67297898201e-07, 1.2359716095e-07, 1.52497179329e-07, 1.0184556487e-07, 2.3843401209e-07, 1.79433527592e-07, 1.79340602813e-07, 2.66706479124e-07, 1.61393856501e-07, 5.15943163748e-08, 5.64416104964e-08, 1.17461880222e-07, 1.58118837135e-07, 1.05980333842e-07, 2.63374829501e-07, 2.14920942199e-06, 1.67159635112e-06, 5.08538846589e-07, 9.71410685224e-08, 2.84151671082e-08, 4.08799927243e-09, 3.25756560615e-10, 1.73748709864e-10, 1.02786668066e-10]
        var: [7.58884091906e-15, 1.04419158866e-13, 3.21703628363e-13, 1.18320988857e-13, 4.23465760071e-13, 3.03498735475e-13, 2.84281956699e-13, 2.96060701996e-13, 3.47269522166e-13, 2.2668835125e-13, 9.61385173402e-14, 1.71868053643e-13, 4.47827505059e-14, 3.17617873463e-14, 4.13081163242e-14, 1.8544241392e-14, 2.79885876032e-14, 1.52762595325e-14, 2.32553912108e-14, 1.03725189855e-14, 5.68507778831e-14, 3.21963931752e-14, 3.21630505703e-14, 7.1132349685e-14, 2.60479758287e-14, 2.66197340795e-15, 3.18565533924e-15, 1.37972925728e-14, 2.50015648782e-14, 1.12318313694e-14, 6.93662995425e-14, 4.61910067487e-12, 2.79423446187e-12, 2.58611762647e-13, 9.43638748955e-15, 8.07421769113e-16, 1.67117383649e-17, 1.06117339961e-19, 3.01886123835e-20, 1.05650989426e-20]
    melbands96:
        dmean: [1.38314124598e-08, 4.51348114439e-08, 1.3968953283e-07, 2.44566592755e-07, 2.88766216272e-07, 3.10091536448e-07, 1.89557141539e-07, 1.34641638283e-07, 1.70919705056e-07, 1.92130030996e-07, 1.78137682383e-07, 2.3056506393e-07, 2.18591367229e-07, 2.08800472024e-07, 2.25657174724e-07, 2.95923996418e-07, 2.38478719439e-07, 2.65939576138e-07, 1.95946682879e-07, 1.97608400754e-07, 1.47067282796e-07, 1.39411284295e-07, 1.78128630068e-07, 1.45590263401e-07, 1.14327441736e-07, 1.02528012746e-07, 8.56850945752e-08, 9.27797074723e-08, 7.64221326222e-08, 5.47554037666e-08, 5.12400575303e-08, 4.46162182755e-08, 5.09313622388e-08, 3.96801880242e-08, 4.4283474665e-08, 4.45496191048e-08, 5.04780324206e-08, 3.47263728884e-08, 3.02968921062e-08, 5.52259216136e-08, 5.43726237368e-08, 3.96686914428e-08, 4.21094235037e-08, 4.77508272922e-08, 5.53113430612e-08, 6.7750171695e-08, 7.04842975097e-08, 5.05086070746e-08, 2.89315416069e-08, 1.89620141811e-08, 1.74169478839e-08, 2.06732533314e-08, 2.66932485005e-08, 3.24780380367e-08, 4.36850484675e-08, 2.76832885504e-08, 1.44269218794e-08, 3.81688494144e-08, 7.25628481746e-08, 7.92787275827e-08, 2.36585520952e-07, 7.57980558319e-07, 4.9102277444e-07, 1.75947533876e-07, 1.40243415103e-07, 7.01117670587e-08, 1.10002407183e-08, 1.22435039884e-08, 5.53700596484e-09, 1.79114423293e-09, 5.9333549185e-10, 1.38709474462e-10, 6.0653725098e-11, 4.82886682029e-11, 4.14069993571e-11, 3.34148264614e-11, 2.12082157391e-11, 1.69449280996e-11, 2.06404910524e-11, 2.44780844899e-11, 1.13612921154e-11, 8.22952383323e-12, 9.43973805373e-12, 8.35508225105e-12, 1.43282443202e-11, 4.49093297272e-11, 8.3781301341e-11, 8.473918095e-11, 1.05436423481e-10, 1.28032431879e-10, 1.43939526964e-10, 1.34692410003e-10, 1.31034058604e-10, 1.10900920391e-10, 7.3710315629e-11, 3.99918154148e-11]
        dmean2: [2.37307702378e-08, 7.80264102218e-08, 2.5656396474e-07, 4.3620929091e-07, 4.86040050873e-07, 5.54951725462e-07, 3.40304296742e-07, 2.39702956151e-07, 2.78187201275e-07, 3.31531055053e-07, 3.07464461002e-07, 3.69228217778e-07, 3.56348635933e-07, 3.73547806021e-07, 4.03747918654e-07, 5.32883518645e-07, 4.1399954398e-07, 4.6838789558e-07, 3.55245020955e-07, 3.53772435346e-07, 2.62548610408e-07, 2.43012920009e-07, 3.0778963378e-07, 2.55049371845e-07, 1.98728983491e-07, 1.79230625008e-07, 1.50169483959e-07, 1.54293815058e-07, 1.28176608882e-07, 9.06536214984e-08, 9.2905679594e-08, 7.44618020576e-08, 8.26804367193e-08, 6.67478872174e-08, 7.71321566617e-08, 7.53663584874e-08, 8.68104308438e-08, 5.76255310136e-08, 5.12404412234e-08, 9.29146608541e-08, 8.54197566014e-08, 6.82527172557e-08, 6.89641836971e-08, 7.8763079614e-08, 8.81470398895e-08, 1.16901517799e-07, 1.24207701901e-07, 7.72011432559e-08, 4.77502766216e-08, 3.13260919427e-08, 3.00401588049e-08, 3.39054402332e-08, 4.382458485e-08, 5.29990238363e-08, 5.99807066237e-08, 4.35837534951e-08, 2.24475122934e-08, 5.60298687446e-08, 1.16504843106e-07, 1.28102641384e-07, 3.44579774492e-07, 1.14117904104e-06, 7.55885082526e-07, 2.96367687724e-07, 2.24903843105e-07, 1.13821847947e-07, 1.84361681477e-08, 1.91985769504e-08, 8.71585559281e-09, 2.83776291354e-09, 9.52990131253e-10, 2.1460912214e-10, 1.04572350779e-10, 7.93986820735e-11, 6.42818229202e-11, 5.31208792232e-11, 3.49708664804e-11, 2.76872327148e-11, 3.18339972438e-11, 3.93508420293e-11, 1.93139202548e-11, 1.40868844367e-11, 1.65706823263e-11, 1.43085187795e-11, 2.4705416532e-11, 7.90631310421e-11, 1.40826753037e-10, 1.36844827137e-10, 1.74421879717e-10, 2.12212539208e-10, 2.39075786945e-10, 2.15488599187e-10, 2.1414282847e-10, 1.77146561309e-10, 1.18366733082e-10, 6.37101482681e-11]
